753025549919686110411290993411373695039651118112188596262394419353482126943711310379915696767983016354778269776277211188857310278212574378282979159318391880282689211096262731372232410152765950953335
10687310779110842975614456210997627210110115426561594646827723577707603543524227993210129383451505277043411093104110103567494533306311197263104482911127136338376854852642771948517101112454066228494131100
67867511390622191122928169268946423710521681639346472475459913124109896070811420752773583283344142989102628136822310163111541611096978162526121058366669433319855183721869554410969292761108492665126
10673191119714106110412873993101459890352910618111110346119825491410303414193827731115211100646939109109901068257102407149451126107648510310111336814448908716176242010026651094453868363872758669695291036226259018
1075945368010575397905711251109781053919697518505455283494723155044655123587104821210514475494310610068891122033561081138110333296210027391019887251453545835910643451836564975102506110128426197377149773221138318108
1052093276030385465367411016534953628011105468742026339682702396461121640828361031139926891946153488351234735239266318741001335101884852814120691772847611561217311444772169910069506373295970258919839138718
503106063264047338741336629310636745517386340126729704145596100874810967425613155760111719158811100528961591128181963107716857111412034101023975413863913313194011080995011945393671103080546153861547112
422576102113107351245478395712658915380610735923746307240661780906637050238738749412983358164552610178111023034308012399510672743273526758276648487117586487267212510844331013171110325038891823556695589635
21562982915912524411100141878381111974693911189234931721121111999145862189655485249637462997349431049155255066761392646203216444410752536590354427758997641615771231430107927447728819111182108435
7310899675299915547111586870106841025845639655345169414511165710635111443475487710373716046758127960186479715964218104984110987537472086182518410424338880714410685107669061052067111694311137456768256333
917657794284646023463101673156951106010129895749278241571101225451682104647828406310808663749110393449843761121103913508634275828111694553535672484020392941106819814878924931559571129384754416877497828
14374078112110860102953773951632821456197377589112529299227114614548341785179633565971111537937682379846835363465245857841492841049367103801094011347992510373907176129010179160445061849175323110410778828811283
8715112629155828850241126478710105503520395534805648611021480207713173881086919966194201131083564524271019823106883221068874110559484373179510212310560630107161426702691704553276678178550288307679219435278
11157110536967812491420738503427525622940934917329974788585745063621044931604382487634819654846569638535686611248772059153263210129432310073912898503911127938112985018971078041989697564728316713518
11379725791124288155571026343102372010931410370108478244721610595032050611426461590712295416337588125837346481931312778811115601011121268385840109613860783295375101381355973658453860351851012102311518
1098146319659689637879352744986259652391343020105806311013481114654531899108775898111085985689706889933911226367519354828821011065272933072113952243698237486643461115351331731022222946785476946429823377
33618732581335211059771019510358666973345111798611921772413083112426459609614992330697110299431116846672110454110733641058810185934741108185533174461937213418750619547615602924316929101761942719884498984
97441782621087074972880751071094846105555591003610933111271719797020106302172861047842511123407411338375849273045865960916475655325398115166105466611344107215133716659101108885916905213136510310086899819785751587
586968978316750873363861034475197671068382156449951186231421498074264077438100671860310368873392384095521062652805475911437798876451269723910317786526182349163212510311297264935914704441119838849
11981707669539510620461357650891072312456095127311264101262475422213553876111299854057113771041579881846104111547652515696129410742998210462954716916395764380473072110105236288514091101103615454137321675345110
21489961106948932713463529910638571015730846934646311183725142278898332588053567255909428561036082405110763792011829493941103258939710872608397743405277111440870209641644106181077665875347882452996677627
1053414442208342915617873734364039991724257371268925835024164417933589817521013677804911213704634108916930788949104563058467311211111385963102369627984916968113634338844426442693618834255622538206118
7380601674604058311015194259682456311128511356462100697989676102139910527451514819972705860475345103010062981101764431112329936611176683568691126710711111843018557411133910910782181099277128864250126311050
11362621966493115333711342811024421965207276871054669651551032571106784216065347145511067585242935985641962797701267990336027114397635795491663747964577717979875455263837366801033100104114745121035
75259211272999106332334525781057195305826855649174785899794136693868955104849716399302411547735157423170133421055487864573786342316982512329921925211366808210940976852983110628104911241810781768242102
2821571624406590612556720192223855751059910410035409658985115103734384425848911010867457811258664349439339637305126861470191999899110715661961419583354235951134560707733167182131034466128411164401296869229
5695406077105130338149441141923972659685015751828413039691348272239089338394229835891830980151131039165669016656878911038567725698824967132670571779231810559556618298325630724484104828192103299315684
82790105775571811347261761109536268550486082949522102685541801673711144073847155689234779488128568795353325472572105165110558778331105510763544529349379104284697451092058845753987106920475083882624
10196061759479102318581141041049861313362339840578414639811262849118135364563347688553889966525736108506484104384216811247989794279348591035978316907756299712840236392395334232710136364701045688973599
97996613101471054527279635329571066246416265541109511020452088147013968823103173112112958473761959897794957494869411017210790422279226266254997880148586962537391261626584421599103779610282495146107581615
37010736378428872391121218671598475351021049910969923035101110111109282276101481988748960704310837152537831706515299724972193191824071112132043511093037248797457983781073981717573554887155962867342221138538
81316537452466944193268481210364201144414462727374474103654475861087938779977417602626201042376715197375101668460536851825111010275559963462437398048947398748013331266996020080688684541351076205072105
3670581105695104961435557448108739929661057273784457859019574023678663710610721104107111127590626493464157453775966971409783391090102601085745676546293398851079793661410528231694211099213111258734112546804889
8586972359437752305250531945344567604303391661054289219797934395384236411164881137385269010010185110589056114453918718912332254638161149998710255301711838263106178648537055033268749854081107653231019933
103359510635581016025112109916484896895124510317148699876493943110931639378541448120511480855882913993585932787086070886366724677610995711781110893836698740843636077286837931091119812437589102415131719885
81671044019165575633837333185246599154776110758510893925050109102108783588825313810112872270102494661334572156379271121014145216634918065513375888556796894518216099394036062818631125010560408393123277869
106823227115211059109552124089780123528110281610152103100711055735938683767113733147263010212341244717175836217670401016089629021796667541623317503685168348534655228118652739643684281624274111504993
585645385296891061947644250757993496281024091785357402257901005389985910620198110281130100194113811244809119364316656699961068631859811393304113871132373824214286019111616989728763892188111296106766380
9211033113438010068475028923929903710767516901127510493858925665698904310913347634197341935612108621730814366514153113108347610053598453996888648717410120507867561101138140111024587855176713348964332107907010863
85274627758910790488675104949511751039215837641104101171421822201996610231959128486058897196155912348215116375861410224443627707796106108711081025757961435478328798218975724104569584332958506652310920
6746936628208458791214411377108997825184919222620401026611319111921061091009911351061869107373557102462277143797626515814971796724316249459608210365257869023278435361588983311280854472113331024281711311013104
11092218096340106579105524272371053229551315658960331118412389838868410811844104111103810874712593113522486638215103365415101279196748110447999210958414011121186110993488126989659848409043805812688244901011121069
107893553206764051106112371041583897796310311290979969361954110536030879198829141677221131019410285101451011101086415666082502867516454191027913991036210428230365153152683515636483108947043827930659777136474297
10940354261456661049293786105168863110117410911239267534711887568686762710320549844790108435925694525711927403334828624482323665860388571155082641136384711077020357629621033100701145069889438156356
52191616211777101611377438744519822671011195110883138454271942810411216831011131137316457485361111083117737069881051081951132781193011178176699929265702749995104542327447820646654278492748385438295282842
4189103123210376993698394919213405718779352511188110107181033111005736719939846793423823593113221546837210671811223524102349122172399955946849480107813828866210641131044251174188353435411001682151026622255672
9764110776583141558951066341182882183510819413640308410906497764944569910933618511135971098108932876767353109685070348911028432147015540621837559323829513013676710121733916137535511355444089304334595539
2744545611210679310148101972741088844266229677521526377301181954839141101078722104881097569671117562711434151136598765098517386987449111618971005629384298235776102317111436610392736674112161149289810560914588
19111938729106798673958267104990723729702312100112531111011231108151481742997188861713903868574032861649125106238889161017073499394473103281121510752806010696179976474119306096109471811267952980715611219102546291
27431085577050506410291901390704181104254327237031161035010522723273102561078413262125546311163709820921109694110892811801898197935035962383111081071910601119692112142757979011025746887878652344410765917976316
484234671152104109484274553734692641919524975752829641086334476014908106211636113801056995399795910527225940308632128354105281121102442494894210914675810848887512726279253175432530310011047414575542963398
6421100621165364088631046891102565684990325445979465439136011706811824899226651851084012564711280977191607587936531336989775939102694824407186787011259580821081111170106762526799644773629131031101923371
82158981726835863687136135521064963126411144731410211191579641042276327085112511025487733693649337112800596065873014106575655928462472860104861075361235266280961158951537754314478519348731121787932612573113
124952102852840394599541038813399772536657379796891013026286454232349545321471691616402575977573695937892513354744941819714096676798394886419846133435371598755810385333635686313897343311310157292454
104712892325788104518092386757908363340179892265457793311078104453232618212261101129629347287399637718112912411337461159564653486856811152111556619278833622312287271112410144144131946695080324814254246
142101546695810249547293972110849815526207114914589334425995414326047341386661918418021869573910060494250391861171052810849107751391610444799201056910658901008110858945100826707788468130845126222771068591
411986847110744332910388532228836051486819024110881079711350855555988739899118853100829812798605629911056282989538578227126804211361861323953771057456814613150102187010839527710923277576181311041037156777848
7058456695187260301281031308363191247104268444401057450631349819149811246179681104993278609110915932814886831749675601778409380201075489373977011441047253752169955961278111270926475440449974269539754771
1118924833310870539783822319811149723270681068591747654007258137575877079899973671779219103683782798010513131019675266820861441344256418648243016107713851317610572271108583445726598966611029861111021084745
22102571059456697471263493452558759671718710215105844391137958755311098258968814851874932107495366646536444971219010158355157132797173527103387616825582825886995843062485111074491116297947419106579549
58358143203413292681761044336255564485772733186733341345571102469456315152492955687610445361420358551644189896764311231105741832683698961455710161946284885173697780641588595125104113621041131121077625
721011101134310703742251031052619828104619632720246623050988801210054841014901134454995086479283632364556844210211167227782654627776394785397271261651510590598566953136102628411367944286112163810508227
8543893110377494763888875155935710452389269592304911267310579156825101479688998759101705150727212848898935112298902560777657517668938910351068410716426310387111103107712043811014109936668605216971059274943251
128840611072791331101125647577925695952864274567108948274179751277976234984015492285433404095251044725431003724102541095923242125112348267751751521128980102875360113507770367110859588810886599250604744758930
112272551105122112184810881289192105504459989848511078929481079044902810190845411109146111211353107159992764312979551874930851496106445622897766103316711357599231393271891659653754905844975728623288947122461761
6410639455319450418385836363785432609127613688473655153018743177102287660122181808467570977951551742105041268052736883611311332493771262774166759113102381246824197141010755076102309353478810110196
3599757737725366601846386746110899301993539987992063010075697394117610458661122751967353729568506910069414264434710441028058110344054934586775240976838451045510210389410887717971084472420929688681007377266785
113838677631091962961893411011415227263109981104676698220361089111332051228474533241479273685789734266461025729232619783285492162107697675421285708849111151273273342281057592036819228728534962837801531105
0271026923944418629710240103868659999702361105860707824729587792110841299133883110580714194501056679111129872567194349396518319869018814511194100110467584381081451452576965028335101121015410111325235110297287
651089565251245014621125895871129251929127131067091321190112249109115673877490571038817964588442886658401001882133315183070622581110247710087814599105112109724571791104464541529461022059419523728174033983
61102503064923072618195846670522523617148955777678148226211102460671071681818310882196951110375491522449759511423801393557838939977111806426171037691219611110372671413195531822669784106778112373670980
88100335851832154175882790582940948624137410110235529351006131148437341855749723844409094103651093976757010288104239962978049802377113524677910361111428739781451039220981979101739578414290303366986243894055
259956674540606157410317124102674197273142107643940103100654430609230411052273082197282111102106110274610291719515231043622101111756367273617532820822499541701684951101133719135720544860615098119618828569
93623110967864651108686418471106080521111348791071086673631210220773859578022358673310711117661710737432851374176992111119530102977350695991076779259584431255319459345797611995642747790431115036408977161818
301134852877030086282452477518618150896795459427268531086268859960067635843112399358571104068501618492329229143423378443321941089752531093556672394911059434248688293378618988470104181009930981911097661389
793673105841813789468964210081081134971673810543525628113251841310022323376647292228926298551372742558110847106805801114510410478409555421793811005457234277210766644045672715183252186787181672010356341410087
45297593984169376061496359159764179652148981484328105301616921049313144710291074560644724260216039138654428611275418351806619151049076673967102392431365589747510465682754481104145015101412741775840969997
2310581181047175932555104418029438643693547224614095304941633218936212837459686068618616110759775971451541224910421919787410159874131384377542129752397199113369606822661002330541095445100126314108279319
15319168138297844112966592184342906815281190105825912825186066366166100254324605926084791022584941165853693639604887447820108883087167276793848425718341487102710783862379880615398169701034010711364
563975975038459543955881036110678710915985518239369711048684291131111834510961341024410097100378034811010527974596116920667537916515825819105473683641514781124752111113524570347127102671122498568963965193244
7447864089239684105372011394274710102981697247610681844675810251901091007192654925111386668692411071095967527987475585565981117891887924918977010779947143118744478191659554235037737657311135882201033682351442
104521108680407766105256630211578736846316734142632440112288430616157932248045729939378605636903410111084481646010626518271403888359297474144425242234521041135790551099232781182297821107478924454101162196
11271107127010445865237112771168109827761234133729539796411194795141688177102468286986839916771107977010236516695699139710280108206949526582562587410395862023625054660335780100114481101759715015538172103763
5957338935215532121021109979100175899190112857170876445224178446310176544751109113773230951037232022552102612641557535671252569402317411312758106148861462096108345716107361271737045888256101574437941125775
35862110109542856845619259109096241024171186780629104886667466526388010523581128952281027182783110879945986133872274989569977349522392431111328379339614310276077629020265231989585626108646339844611651
9511266455510225902158178015528014969212829434646147459938135930944710444429310851159471121001108226214156910241029761501636845046237658137761421317110303347829327159976759199808283625878770399143
108641011894110926798673185191607310110472703810332782232867803075361549186278317542842211114758318104558029145422019955615102234210584515744715093851003297104695321341077905113594110298100653422398745467287
2072791375879860344340975313745861972488881510424201114549122651085967502106635022931555866431151089517898471513333361950347129772121922584698093287044999035591077111229284639711079979835987532635
1473510162113685816109777358468176744349667474138711151107276410488570345910785322913858999238399391122774349388482921994445017622667352383939504372834066848211134436942530911160248610624364374089
10817354610011222835071813363281914169097244773652915182112275318210811275987583157466931531865566041972032104747995355442344375758157183484183501079111229738979436301482971990111431034180711135945492
2251291009237713517456585100162619514223126366264314694534106927186951071811336846855418397326669603215947576186107103773399601049143897442676112417524571269184020274495684113152955897738991005068216793
959982677394627296102329867774911969040178892694150161139457356493599230612605827923847041423496377916627278109102156182198866621484957201042410973090684488253133385681447956525484538100164165687
701738107648786886510993223391945184516161767967899452994211278510088461330323429331439736111777611367110282264376085113428372985864444827318552716824560936552184554441782458833404391912780776449588
23331056914510581477109572698159817731386365111131053504338984244119642107633941446561131711348826581567073603120729393971122797231032943344165148822616411096616653922283532714737378654753035642876986
31938485231028470363763328101727390498103795999395091503846942711221435945978210883591382231094238122209140797612566107324957819719466210834731077774108761895622598347496843812786448580101669811376112481
1109227830311389111812445573471138198162361921132951856337836681947182312634721769833265101575147764282513258088629711026370936403341582772773108584119416173581102898804210191963098121911310949104344072921
99365469037856267721135237521121198101995492189544561941670468010463553671103933449480301048187321226591590881222833741071061016165108715868121493647914952938173311096152936978814542439259986426910593
6010181110810981330386040359812415548901024253326112981784102100740828869112362791018417911039580310143887811273926513427242208282262173113321111991590478613106466448029252713435905859188103413763952710323
10539703360279085212522710044102827709934584108287933803062792473111677732806854171424050782884432036104192010277109545017526642512410382943642681442109579886751006633357857865547531091066767236497469479
906610718552247378312747211420408210550694084634610380536518156700851951589886876354210256811045130688697336274872445887389108865483185658542519103225684711527280912518789278138100866546846928332910731105
