61953056935079435440168442176954433872920651150342349474361454431255032327321870976228521320730731734230591527866451974440379735755350643032960760525923541921334039767436787243161967570832646863062264431033267680656839368733069564065737521914937065091935193356476524494596422491261614811279909176179
77741018922625860356073875556344339990814457490314710683553563512303643689638529386762785744371759267345353754601660512841436538343494779265522431764785609367623752410787718478375626720830270604663389398562906427518362592858684563427403837344612440400751636581846543385814463201228450369617406475616
321358603772328654409732603731407242859396619250313426633509350430686368196290639708672444474343611313133278327262138411631659277213413160741806693734424905784651612874994639270410871359028176976556777043771469639774149439628228185223173844577741530276649656855340628829979261333359040734876408820
7765501285156015158357122766235423272995655376718571824225196325615455043895727143996442841624556458537042316254778618149243375010562181279364367942449638551855645314971679976955938537977758172028243913421963310243565158357259574878190686711528263334484384678245535677186817803468805365556492454723
8334668023722907173592675073824253575787446938273748255831817472243224677023958031642445561733404882205853618958916616453434821847474734506444083565539563142396342676964065705812185628161562573396131876126555429751151166428975451732421631681662523366237132366971526845270320257633332069775044080726
475671467348389174748219755582234620215812397712621443676644356748432657868598380911547816193398445368645478759633452827562367677845565196215925136546286414149252507369728593172356334501753554428224163290507616711719565441653500241705198454502112448476699473664391225449470747540681523468281362649493
35968742969332842466506682608454400595111156341319810485546395353510622804690706813560248473274400377472206761288432737398585681190920473366580744751606288623179167624517758317256841217536386837828659571856286484540772213236715306696294463393426348613670540613370337458784773223359475332663146401329
79843837662653648752492486685707276223571710700625623140508590735598617227679397683517608439891295563863215364632627456864675299767583786700550487490446438259228130487680730666324327404791795363265513693439340560289489383597292630404475466280583580652715502527258246570516417694279392674373740356319
184417424849480206207382816885891110628655593553560707351640488343675349215275404522316657756559455372229383606466370683662282811371544629268628216758546621545363381622215579268485436276325840673715379601610634722334363562253847653526601628551538236835278761522331386685682139451245215791730821361370
472191472622281323927531631675552489648691287803671435115828309306197417555372446364595921725441565603531204403656460749164351325442258653613471649194236618331406370289206191657524351512186354650732241520583742683703483419631563841493639844502660244859424347225632104370329663346656386511490706581748
65437772210656268647760617478357870661632971339183670031168430734435266960643612782784232967060755924585024044083530037226912982220150889482234444761682515394405228603401519319626607371311529615607378685409475387124535365564401536546653217351237739438268532550775241653442530694388252647765713416387
14448267546526961730133549527064268760872723768236734960368666958076477725852862457513534720837035355755855874254727639939846943534539450247433253424642080863866859965964637047244353334664316407793701695502402704167384717313427719182553432579807322628112748617306137774404265222166879473569691852426
331624422685612252806516377516558413586225490937463892616162524648429402310711561735610603397497472853397370643742253565761236292433139622228232558581594815692469318620602447410504696597635570350396124551317406550406274748390503400601747705771423138167877150728487660441392473576334301576221499733216
149641463370254170503768482396534620548194312279390341535647293754833534674564824673519798501376387866236712281791718457460496640656754601468232404316199306875397171843324780443679378820738633759512412787336755598744303602559408667634832623727162493724238596596331258584598179330739701813558356615639
639716466768453370386305497454453713611648390412418255886675247141425674433245403566341754426320468536631351301438685518796318662110492211373669255450246612571689432683703315361581802238747258634709627746540427480128622537346806423221362381762270389391460577339294626368367484394498672805698155138306
91852445639040254048827875167046725240139643644140455851541650852037636244747872175176360521266250321736525970760333239147821792541154987420221589392419357400713342755508143520741481519688705524548367461398329683431156779593454706734502657417496479425329326741329259802684543379368282747608739402689
37712267173097659472849588329488302202489289676244586715680147354648615548444758566728300820212564178170684345359414518775465631231461720388527178402404401631705585629640878644362648954217551348459767524440423260702310413697591771282700443638280537731576386166671401418412812449490316673606282503612
416445169635930706592176552349363705354525331486625822396495582344675488360551165322613854372191921532716580821416699584410402291364678773622539717844340320523507825382487414579226553533462712400379369339135515480373489511483412443579626218711470816672573568469622925713815609449693547523275468391848
48424373328229345064654729144171561557420676721826249695581395178213479259415805690396439596581575625536278762648518378703458263669513351470271428844728224442445677366709568382594331371455612734353147389404338603885520486291136246743497558469730231335550405268715379259725582842332289871862262481355
4631461528633735234468892675574671535728239400730487394903593605510432270786739606535760347279280417443613230598600778409195770395632236625312544735577740765525415277340614144135835540140356317454715545498729484672902529426512664681554880660719498396385648524471698720614639349564310760380641404763
291471665176539546332563331196465521701659584653715926222492388681518662529458142604612581610743511411636763715120419679475385769690232807626756518596616730822702207198461734425714292895395396172683204588290756558760417600509415360390121597265401496515632676360231539810523612355460523539600420579704
755751344548382600461424434563522751823699500253272297372386239239262198624695101597559708167474321718692363452407543428200608373740272350724616315443541268536621763312319770220210239552570611486560702563537357464553420657648215162282400359359426751387193667750395316352698756449660334535607270350526
496416745432204612658671246476187257684433613754165363591413229357514833661675244379773662445533385354284467380708393511543683514432259361562199578496242636514568586670394482618585386772602565307171681267666490774747361517801460753368642682415926149657588605187401743861452522595731405390573194519525
3904272718313846463948953947260937048243853617358483955527831560245368624254025158263923675441430818244129635642231350472484739934742151560656088273172630032161541167852936145555010263334939568417350936755043525865940050837923218884185135650158896435607772227438636326283566695243794710759223786140
7062795123002515086052532697155046884162677047576474074617488133233254256177045677044815395997404640227450462327745558341153739447772347164435761177322055059443671142448247643974386465475685631441310550449676406488348552259376277467393906333638479489629678904521610695214325225295858314407259724821
586341341315276494476847474718404562505331454309131366580339816522291696521291817622495394273834487620632112625728382346760496386439470619722186814267252724638873217434691154237443356658717863360259369537256787422173341700452488539465661244439387227561729330178659227657600112853601682240552267678133
537589771381747483662780711658372410643180656366538331288670434658528134225704364598628520420438356972504286458353305402502431483290198552752460765846864632693584488431496318395800464355220209486288333299563328876309522511534283623689544213566679369558406378663303629296355177319466695407408270850224
664570296766390644762218358700560383677225665669382668673566243722825811514224855096524436781185544564565755485655138424756068626199046322357965496326353874616846465215173135575460979733968457726770340116461371363387181623192790825428853456299343726167839507519411284949364325160175586532326247373
507514689658644552312589272137821304407531457581480263389414605160357893442642530487649498345286577500689610321809479151576186427449454701689562887599216369516404432444187762460460428266810462419439200429232561315257742641509207579334816363685594663357419603354600451535222687194384612283447468634916
4177185542777505923456654366643776807497097216882745751983458856993261772227053681061207412544972463601374261585232511034743967923174013526066287282613894736234935766963441833242586383685752507207343935417196847657274325856874784944016761833787323337683299643545502415682586693455534426390319229354
61346562824050634841643575456635576543349569220169552315836835073216828022536845663136854840650985333348675636762655670666160240666778137648960231436831837955957174742932481951630648369724340649689787166295643651696308475330635535635584171859640380173507187680402428581622449476355305234425512176283
710596697366219628472682563575731523303548373193601643611153205623552649670656715539245810681606423599268665399510377265622293486270638803696332379729337681698735748606480789281801277556384803277824830464533607801488912433356305783540443617255473608302411519100618645653570623220392451560508364851244
4285073364176151305285973663933336405377553214534984774566424227582395018885903492326635306165736986303285656582795337444782073522893505056697093335887722821046826734181844841447364926995242925379470496426315484666364392387433414563521596302684359474532652761807268192267354494154667693593521544840
210789495762542575164469526741216521869408347660721584216326440438558471385894218695528452283156362415819766560543574296747574350568722664543565450806845867870683680409672324670310618397229237572227489186735752363494394799361708849499284649725492288660491186300478341518310604361180770179756510557240
445716509461630761597492736423116280650785912311406492662502660460686610383580795321587675613535237814529339679829657554735757770849602447689437795282358585234617168403340390743693844436329367525543211171456445375445592535639756681584324498846545102254352536231626477476785683540671195262744439504432
289629273320184421162405389475426763021374993987562216673644783996885574376126968059143960628846673034589877520218830562041751330401615713883855757074092683808844628729948835853625748953336666282972840241855050750354948135334785066978934295384499267770621471384356447697431486528842249332795772
59053667713741136246875258360047450065132939285743595347719395372178745692886635639523404839622633554728653218686312772372265767523295427662558343626219669163736656344340278167301415486266401756460356668651608593713131490190467340364121599613681488723336153464234448778347472517196464762365869637627
37482458424826266064442346655664567758339636621143356371750735744945434147226871947315054361929025412078852962552511957366941968450072057731454176745432639178323149455650046238759420241740254135568121976134065865139776858230714164662076355068358248942825470131128848051926653531636171275032636286709
631296673600547566594452845715283653701492578117425675529631218192696710805589761586240762485660219531270655462403414241608430754306419457588638555610341630617738643499191508197655263252185750567749703769623353656642718435271159803534448670313407251660764596559579307559343377339430251396807495789591
54077968441283635878843048573862862357033676642452372755144832015956544372445924114245347841857367933374254635277538237856164143182274937547456223054458912217286524635572644547575458345535660811726650640518455275370486475624442686680481164155693200470422280619688709468523336289529624285270488604250
92875147946876667044963475872051882534031740641923356030663824610530653364724878883943063763191220913361486140053517248339684460968236329765052358042766356346931571864043113956433530358657543679317114775970740557236143951235732735980656114720565333395624637856556285479500220711713396662118204381580
667423703653926764190572313505285494486370688825143419377372233408378477555687703170319734572545661478268386594628524271587680792410673623636256410675474318266680214412460580555384608423657344523459644938658434573770227512608343578432735727640416739380243149147772123554749440371465435688480564418371
39546519228284166839690515420696297190519301724649617623719491563507868369365606403564468543616617541699759514318459585649678229726437420614683432783765760600328150607909474595694282469298597340537302478488509470235505428457575309540769842227667297385473403215449637210625448387583330132591262390622
560761508728538643446333608416794690718295583553359694578430403680902685432373333168112118658344662385386451677655159778564773752669210163203618659546753292487265291591571338326717151258340806614356609569503465601499291489478614503639432265304737458633526327463367625538455395343348536378488244277696
7201267918242973664138796675827732341902623334406224865476292677384773525163894203751977538252293752033786698427764509053507524203394954427066896606369225331437087099622969749880361683176769624184600769242727685492879452342664726593643395606764644277795457673575613480790578347577348311341670164594
524608293378602396695504456235768602439416788370596326442470755515613570631299764409313783463325819522443652379695398545163676747580679462585392494538301243806449229189408193614322735331370868809281597400452639562420275399384375324772363225393641240705267566642263249739484410295798460479550419414393
467464601501863544612605312529701600633655402645208403291747518425808155367791704678678193494543574463958568556383672470618842634376822549662390327665733423792776481257152602616239708626400295258321472655310296242473522845248330632152680307768281529658651353171851402593244291332696739188413803339484
64325287646759524318562692165647308414322825426326533737861527558341631478532497687409852633465690452519691790618734521462537189218302479745372211670298482801709375359300499657729600679598543545426405464366555355711692487445675398483120468731300168469437199183653721285457381563655543638422900744537
823385670760244574530322616174461176562705869547864497350240514668488328667824706598860628519625508391521119716615372601681290370556506414543357327759447265354135793432744606463454540232439499557454816854713543479217516553646200455431684144567638810718591312584381563420336165560636108347722429382669
746301563268268195613476301714635532403648693103551339500582621232366419524411618761411426452300335819126800271219581171592444587685472494826411553844416763822436326432556422708455348611454574903687809330577876594607321506582490679623595592636904706562555189542709590734295296683655297472584371655471
638477563370282692794665469129449327652639504729757301808254310717619430555398371358269598730666386176372465393595603664404367382491501458340892410214291248292527303395364527688339757681462560587252628393398845647562221559222667815517361694356147273821433794496299636549146387334355550355295731623433
806619686610258154485580619619566316528835452127725267273142283559246577341679679114301775290636438614147454358705341832779713310701546342606854781390757355651707548324598477694214388451224546317497568159259390363254675353706577620606879711757811522627487247435736225711682599602107604420214497218381
243309616847545668551583424618821701305666774251395931437613123103315297095121685535753513855683753595246156213566845515114094787553007202752545624462455371543028738175057972484265074227355630950251523036252120874752374467153637426242479869311133924977641633459363830683364518386887470111736555875
4735852527634294185157285205258115355605345522134329323131753632637019326647784032506062203512796164964996986062284835806031854205183994352496807112834693703163491835296293657747771014846724773332644923984382271849723278466347239405431504359566643531690473257373282411730207316649698660380708505261
38454662678732241834873155227852934619042336217213753316323554862574288340357707780488197902480456364336364433463377371655572704686474540439455120509287545484641930574342561249275419644443693639256580313597577805786756823444823391653818364588494855741563237222585279768158624280533328365210651823458
2004656882812787924956086843125173641484751885321295716943806416684305786571373341243265844883036932233416113358928074812842058232348968659354959954746763339166340129771956573661370345639735348252344237193420748448687588690427495116684619517456448497460900201608699627522363800840317405452354250672
293618781427151605352524591651528309237470683448595722445362603312896539464380308696476747411266148481577634643465175379385411340270563376660508509511612515641463439347646385616409787362547676519250456204503673067117102549038048146028039628272058846651072217263157019633096705326614367675826747215
74158336433341241425459622657343568867181282622151144962966736138584261758393452621877318731326054276047643724358078463666651766919952962740714956136713560845756418879342316622521057471076251073567183846129764767348110713412468649594826508551213726488673570412562120118540719283668672309658323842566
69358817438270131174171076971930554864362463181478766058776476639056954954031686533535451376349535727853241353378243874968033269992409707243610250437588826263392721410291719406411860600667272126687459350336146634676525182518697470165265229429709563623181315362351401556783652398510769355767406219133
54161653752161129320720121029753851361010434224556035461223645337627874567602680502856538622603687209593428382503248150795358504333457382188833836199568255142666656579341283435741663193842310357356283330613447439404424395192392378189352431675396348717665537376256537153806494901341323556265508376490
665684714784550327634294256306367522624302236433793396611571781637607766362616471377442894581833479399310596382351411356368497592813543313782780338635388367683697566429873589542329867459507742439599523688362784642480619522379713612354716790304572303792635275251327764812727931805660497535327582642267
89037258934822027778167817632164822563995445588159324262763225568315508358292536367251683486817614557410733604739522210512576470465512629218178584322153336326556694482544476529710505305319834190186857267325562307346431332572573323370417363479482473628705773315634149331778487775487724597458234649335
81920741843556316846169243174668468060347864468754630356446326539656246741537856547273404715301594220922268545483641779419309541139525244797304280432720535323367421404436516761594115397301785385549524759477545901367219356405703353295367335465292714407675130649638329445606570146180430271439779546411
36123276347916558766020066472247932552585736761162870541861148540540233674155530139153262957849432378552588339258067841121963871153273788353703727319337378594464283712440630375266387244256376546852258315623525533797696602568629586683641671705761546628283655413214322239259349695460340556679567247862
18721733959450758343158431231937376844664945839046241217169755652652034660141642119341870549170249270259974836369962936718571465851839334649059460972248823971694308310262700534849474447782449334831887551370226438480304899760489706654888673316883403732587860272372438433363336732388773694343532522558
31871956749867339578151422476152359873184740526759415520916651262760524270263423559866362236757248552155648175847455326717645235869347265277558224590862358543755918169453926352119621748461018773847237047075834769343430738280229067940680271531495620282551409352395600494393598650551704348845728306780
786644630650333403592201740155678635636257522498635444626850689170533378247380847248264768182624783680333732420487500421890413392675845653104477620636484455692435325252633444469855359721348334599731222480362327677594484452667656537539845816472816489303472770413714450133276590406461869516596593757421
59039956467990844247538490726261421419282647141397458850722414526490531175322721390323280471184665872368478745295560330369646208343222256401612212430484211501370316413729526691858486186433485720357632822601175562552844454635430327262444767343459134485217410399315614407864449131771326498531460837948
238576600786530701279366688705760473485578346603780391545613388159452272471587325625893672279857327802492784595811306718711530526447842469372703521238673407576505657372678742329471412453251833705238746297773219640566678742160468730490431596876483501216247597502492301347355521651212501373205459317635
55070839144756761248240732356729519183764711540740355332768871110857659658217618162462350352933519717945859337548229364032655842227471573838574578751865249040434438161342449228644049958657677438776535153437348734673565737065489048149587493832603443425595159616503492680595636496630587224587661362240
26135825454154227644952337030942176848484126429977042659122371431719663149330846958935966820668334236362228021139744623459741812678746083373221657251731430173039520256891232729946973700712538622768551124460511704242537420116641556542774126710678385364514716262403497436419781335748264449256361308716
673460514418853285440605474185281673118420750481298324547617598680681673572283525214364307593323481290105639420699611693814278677332630127614923394225705661468709642400789336416307723488429261583325278383548553188533453389709477573441442499260458327738508245697643601775446302473299760317555429371633
55131846841649055255188972817925265826660822348647562547560786222524860659926744485239718671658359257640544113128128017945115017726832027744831246651764871969794944240588483016786074061143233033966262545959579440403441722189252396504351500675828751266795215732673421733192477684531589668733489301510
284356297425624230719281794873488705665347507810817303344348502672476265241812235383750199292545805589645482171300754719598546413579428470728577268362232508701659275682652464731625732558798473490360297722826305516732812357547554503892485575645397443497267570408218780449637736517637593740622767149426
3234615826266553774994263185872486913051536331176834205986046763603703354216987227125504378276063765493637137956378055896365177475046608273665084347559159960135821771756754066022958870520162645749429134825489227462141369314247736021643531940810439142257692436505553506383359543724750415550583158678
525492365614689547612640524320269361659437681604527579707263381177463304349293755362627348307720742734356512592671468108278367576305314440340793737856338677616355343694198678433664366219321313708677457195410843701670528458349558603610785270557583426567782632412769505458655758433537911585351593714681
66611537122747249236755266656072167327737753542724485026771727574134619433953041242048359847946487359146417856971374079945311063139167136723210247331678260969237260364365848516159049874145673268670555947637547553989120453368858893942650773920260042497509366631211173688648520659488719524263367257632
7321953401096297394393706025792637974281728345636925403276416904692745757135343736173112011575976577316171849031146705426655516036745982605097541101236635593431626342822276636045753680359465761476327535950458778570856327955922431873780226892847957062761248019512540865748159535297675413589671295522
501801698621247551248497719532755374586525524273549253393397518661207158541511352357321479482777594451501606190531523548192343537321359406134704544207505298363369405310498629477820561474619646693678322390697670441711655690584588328726584376378363321403587506869332812391395724207689692347355586404858
710152424959621179371801462407337172882552797596475493463616611414730193520736636555636357875608290765420401537501601518639707521599444746521412146303336521332624404468220295750638505377361623341242786533458621421560279296397461611271711326376514230291550318431874673624265689202614307831507565305712
446432780266894391560574473262497676488619430735933520655285162691187864472544711204675495848844247236676566464925570293714813640325724523448445638439749881430540430729495623401326737273155244538315546728364606723534390461916820589616292358465328800590802494657160518289330280416848519402767700645240
64131071234877233965842860371365384632520072256052763836452768636182348862061844667057833316437927385348967330226847746558448647439024737662157439449120565529423546740868753035042082676642744352939592842265330931233354080238021736923032735023945021340550014949661332158153553140228884297662507600683
627557498742652704304220727375455198346426658655719431387222610728297536762130598701676745610387257300919223599309642177688666434511613717938584651585728324415641831552666147735521409331754430756447324713238339328603677712387318780682153139408457515541589553412804451152286137444396695450517636747607
416364661607507631331251306184689766704195470484329481193208360842281222313503343272790911656357455758207311609322827661710325878273417831164526470303687668414445538410833635186357561348470252595214654336507536356841483329187449506605695407873349502255476647374441676280458358498546381293312246391663
6472135804757325764274867034981074285138574679276227067795174303893952563743081864603205307006502765886776433694737905881515176756183667445043206983507825976182373773773222326873327778633077566240378864042326056338520917911153333365953754320237831510228982799622709818703553369431401655504705496422
55581331255280050671952157928733620976622034719129064737465113056236657481415037674121421956327532730350455529137352529029643164621056084130337935277058320542583369867279463155163438139668743779953312348965435752348663456459628024548218472852642139667334739060165340024983155847289323661451495745693
412611386520478678564153404503672455459769657480593418812394417860199540563774249232328737525556183518389381524696714532416659193225710476516416404275351577635564601258378543383372771638402701192512346362787624531591342640634675289523669338513511472580183510347667535629778350497818518325718526820354
416606546754516740511811479223293653754504624450592670178813509261337539334196661615221359330516188141145307480354583324203437149226264621317295323273675248730592431363573750257241366701433386645807448358410368588347369375802735663767604640795199754751437176491456785368585822476599704551407740302230
7593736158085071624831056093545767613774991742655372649021359034879750333827629541727063053840428757229376566663317633624936696391787753659640469617339758660376356669394524750538403230327308673365883376798457639443215382526604349573560705348205283563557768198281204709571554358494328493263838498572
401388148552182656661615698786524646312445195282297169620611645216405613439403384384603419659764222592742378607429725305774582316653583587219772577468648546339669678297422663408270320387713180721601700693755379429798236678708420588770495298471242102665896668357210395573361519748436398608368649148227
413498458372614364380601277607626571195822603116225502757736705561774791455664519494324399650588432564851502714491415565199446311482371249203477210403562523417609484459664638259667645714242781572549376327114172659453758391438315461816186799388275634516492494747374624263915715368608389172331340600625
56568166839316962887294826753802270539772214798612266526421527372391305656256504683473328279799274318545550292705508295911601212763474590682444663671739676795478428328486834716849637414147707173495503953653438286675597397643313572479187605259653479779591487427409785154430585609625779670560235604781
358537667617719609623272769376625667587569725621318640181376712532513331714419386429650843157501819688541271319196770591348378271491313679769657411377553659171688468314488403678914418750773246409450551548469501380269561423730497601591581569569248676458304392429629170274144758427671964309435318660298
745335804444371463455730476512739318831688181771271412246622573357651659564327235476585461707452325822833357975245402762316204476993615924197963194843136186793662846722953988713316993035745022831642436151679916426536071364960535435865970455439334334668533170942336452655430588057172977164166696388
809506682576739384366329738402464679116556598527911400262273486628454275509694648595145522652622237531365547553376369338429392388687406541353628361644297289444311748545213123673765550384531623400277519234466162753564833379386508572322469311416430549832946343618638408387573819458446773861715707710946
622298349550610123633488413593587707558269600756368732528525687827447510268568258308731505637525642470371643681351290699267490724408267350434769588334556543225120665757461458349444753798724792287708231876318755717303455413328709629600507726337422592320401549913333848444281490444244799268415507359526
63755620064372172066915945646876030533856428461311429751685507523205566531129236623547516662376320308377423368422570573269559292332501206753525300495238719287597159532450202457189597279439574292527655572268342454250553388526353334127629687506471647353228409324204757525368131557319317757607422242328
628658446557525516329745354608647640303416407436745231253484182566318287172249197803530764434594368642426627575344787530234402648671812768592391563754352438707518232323425422418626765232609637724296369499521628302512496415196640655724257473184345429337703290408795539577516775606143509660853569600342
5257545696545574113495002726966221594092951534996374186586915204244409522375673263359871150954038236934577715669450533167344536538328268254874735765732038752732930544631914959331748895532118485387786732869301288670384659750469813852351557299836716612801724290586750523708309390623493585427424346750
460250578680424702888611268879397494799295345342592895549557343271722478797161522678681681415267377230335913646861595287204614215506465652531621438574207558655177639708512640791379651678716715490592738407262825343864440807233379370509232206832143442761826283709383577452587254654603746360642853479504
