293 170 296 9 135 69 268 199 274 275 105 9 291 81 51 174 246 61 133 3 234 135 18 152 141 80 231 180 83 130 106 163 132 281 28 284 40 217 191 269 238 238 194 276 217 224 280 232 17 139 130 125 133 166 243 213 37 223 271 21 20 74 217 216 253 263 71 9 36 195 199 252 61 183 89 156 296 140 159 46 91 41 0 259 26 20 238 243 133 264 215 207 271 202 49 295 44 261 43 48 
166 82 128 88 104 53 32 270 112 228 5 225 20 138 234 267 85 151 32 183 33 116 54 155 252 206 88 140 211 204 159 231 271 202 38 16 251 171 81 46 289 26 246 167 7 122 101 246 260 152 271 180 271 212 232 292 236 68 174 66 155 79 257 183 180 85 194 163 50 273 151 64 267 166 294 210 149 138 128 246 48 111 216 133 167 9 202 223 251 81 257 228 137 26 289 80 117 287 258 128 
0 66 219 238 159 28 248 234 65 182 242 112 242 62 252 145 41 172 10 172 126 0 147 71 103 194 65 240 85 42 94 223 191 94 9 205 174 156 84 238 94 238 134 58 283 6 298 2 53 70 202 228 63 30 60 8 257 266 55 270 24 254 22 73 237 296 226 137 70 230 262 289 79 75 67 185 150 276 41 134 169 209 126 133 203 295 164 267 32 75 107 236 89 92 243 178 85 23 283 296 
282 269 60 41 6 187 160 228 198 277 195 214 245 260 160 4 237 37 207 90 244 132 292 68 167 161 241 120 260 91 28 3 282 95 64 255 120 46 209 14 189 27 208 31 281 273 149 209 19 259 188 262 40 42 149 90 127 210 115 56 53 222 200 145 81 164 52 38 102 151 2 292 55 127 235 111 217 288 1 152 151 204 193 142 252 160 86 189 167 249 78 191 237 40 246 139 63 73 211 175 
211 21 222 20 10 298 14 132 206 129 59 19 205 188 49 242 110 232 71 47 174 167 58 204 115 4 207 23 91 280 79 98 234 19 28 271 228 297 267 117 65 206 62 208 196 286 200 176 23 86 272 37 131 46 6 188 84 108 119 66 198 225 110 112 214 37 2 188 44 234 261 91 29 186 181 264 11 57 77 46 271 138 97 28 166 77 211 213 222 127 291 36 191 138 41 135 90 118 31 136 
14 78 22 103 228 22 196 103 278 16 92 89 82 288 144 188 277 185 155 261 42 217 128 159 256 197 158 269 222 225 69 182 242 219 280 203 246 50 37 265 0 23 32 295 208 126 178 276 11 171 95 62 5 134 0 157 144 176 26 87 122 37 290 277 15 121 83 261 296 226 212 114 189 276 211 262 30 61 99 48 114 33 171 152 234 174 110 76 126 256 60 110 164 256 180 8 210 156 203 284 
115 129 23 284 91 269 16 163 247 286 170 184 10 35 11 147 172 256 58 194 197 54 95 236 247 172 92 159 195 88 184 165 249 157 34 169 135 270 189 222 94 84 259 31 230 223 182 12 94 289 247 53 43 49 76 275 227 192 98 65 265 61 259 169 292 259 117 81 248 214 87 271 143 157 92 156 141 266 75 79 124 34 176 49 43 71 36 83 18 45 242 170 32 120 170 237 45 8 298 176 
276 212 142 52 243 90 263 2 62 283 295 40 45 139 78 279 195 5 50 92 250 209 177 202 173 44 52 201 103 21 48 287 91 42 278 91 223 289 99 24 270 82 62 185 133 298 248 267 227 117 50 277 21 118 7 283 245 247 144 188 53 14 260 227 150 44 230 247 106 21 95 148 199 85 40 92 257 104 151 229 150 205 239 199 47 162 40 10 182 122 39 217 275 147 235 222 111 138 49 105 
34 60 142 190 144 82 87 76 267 290 283 14 75 102 83 159 38 144 53 289 85 84 248 73 71 68 97 205 147 279 198 289 181 207 129 33 80 57 30 204 117 221 236 93 28 113 121 64 57 228 183 234 198 196 195 31 64 150 105 289 229 20 101 293 109 251 146 47 155 11 154 148 40 172 107 203 202 213 107 171 128 288 106 251 109 188 218 132 170 178 192 63 244 52 48 237 166 131 51 73 
62 71 255 231 164 179 285 174 201 42 182 185 97 31 159 238 239 124 9 238 198 162 78 37 178 141 191 10 295 238 291 138 122 239 150 13 208 222 98 298 3 153 139 21 2 71 144 258 188 105 37 188 79 167 54 216 163 16 123 11 31 285 96 201 112 185 131 72 84 176 135 64 122 189 39 30 234 117 1 237 2 106 54 192 163 133 110 168 38 178 55 154 160 204 273 86 207 282 76 295 
124 164 151 19 182 178 241 152 87 257 191 55 122 1 266 115 235 270 136 155 178 270 216 266 231 219 18 236 290 271 248 249 116 134 266 135 25 272 248 237 125 40 253 124 241 298 187 190 295 60 22 2 140 128 118 151 147 195 270 64 22 70 121 8 177 47 136 252 46 131 40 43 26 296 87 120 217 182 223 173 0 82 246 225 83 133 280 188 140 58 55 110 34 159 20 63 247 156 148 209 
29 50 215 134 138 277 121 43 56 3 85 116 170 260 138 240 36 264 115 139 125 23 280 202 164 157 217 146 20 194 87 259 297 129 127 66 244 56 155 127 298 146 9 97 181 208 9 219 12 75 109 271 280 19 259 171 232 19 107 37 48 25 102 60 141 205 201 130 89 154 216 28 64 205 134 35 128 60 212 202 126 215 33 73 7 263 111 238 17 104 21 22 178 54 244 260 33 82 288 228 
157 185 5 95 209 107 297 217 138 102 61 182 197 11 46 298 26 296 39 121 22 208 83 138 241 146 193 176 179 268 118 81 277 215 274 83 168 277 78 290 250 10 39 222 122 24 115 92 121 40 60 230 110 95 66 30 97 249 132 273 98 109 127 215 189 90 28 298 143 254 63 37 10 209 26 273 105 112 91 165 131 2 46 9 291 2 150 151 30 2 76 263 149 185 85 167 197 15 148 81 
21 6 167 120 138 12 197 218 57 78 210 150 152 17 5 54 54 132 237 243 74 90 199 200 256 52 259 124 54 279 295 156 177 271 49 280 55 214 172 101 196 292 290 115 107 67 78 67 249 125 112 115 297 295 47 211 32 222 247 245 9 261 263 258 283 260 282 236 106 108 255 292 150 261 259 17 267 287 242 70 80 28 171 296 220 109 201 148 85 27 286 7 39 160 71 171 202 187 57 286 
253 262 193 195 148 125 205 182 269 202 98 182 114 152 167 183 155 51 197 95 201 27 34 126 37 118 172 48 148 229 76 106 121 202 192 134 63 63 252 86 240 89 282 83 167 85 191 261 166 215 147 20 175 245 225 32 225 243 24 65 296 75 164 181 123 38 128 231 211 56 249 12 130 141 204 148 292 140 123 25 119 63 225 33 177 257 49 33 50 290 209 263 277 114 188 212 268 105 105 237 
246 124 222 59 10 41 190 84 248 47 162 5 93 201 2 61 176 295 208 183 140 3 17 108 51 35 171 272 245 286 130 70 131 24 285 98 144 193 149 152 174 31 247 23 128 24 151 101 126 168 22 78 95 104 157 197 92 0 179 252 147 20 274 129 134 144 295 257 20 51 145 247 73 283 269 38 158 276 74 104 150 248 22 29 27 249 119 23 142 208 294 248 276 161 75 218 230 244 197 293 
283 23 239 127 27 112 276 286 238 197 273 187 7 118 26 186 80 36 282 297 24 227 22 108 140 287 264 4 173 27 276 153 137 2 4 104 262 81 286 85 245 74 119 97 203 292 98 150 82 89 125 241 163 28 34 117 58 199 49 76 184 289 77 57 173 239 228 122 277 28 109 228 250 275 243 67 284 123 251 30 120 78 296 294 26 214 35 78 79 213 288 218 30 69 83 68 206 169 16 288 
175 198 32 289 282 262 216 101 170 268 152 118 177 31 243 23 121 233 67 4 146 62 89 149 15 6 38 67 84 275 54 137 295 134 290 189 288 85 269 159 248 82 13 42 285 199 6 194 298 232 263 114 185 206 280 138 151 176 256 142 96 204 175 262 65 222 106 217 13 245 260 65 157 63 157 213 140 83 128 102 46 27 195 78 84 287 258 229 298 162 241 222 173 211 69 222 139 75 211 251 
154 57 162 171 66 238 29 124 160 2 22 100 125 67 194 143 289 170 153 51 42 44 117 261 20 15 293 199 50 81 27 78 103 92 31 188 226 279 60 74 54 292 59 266 176 80 33 165 266 168 156 132 155 145 273 74 180 241 209 10 76 136 186 223 271 16 59 60 225 193 282 271 183 285 80 86 77 289 171 118 176 217 0 59 79 17 66 263 75 151 136 91 292 31 166 199 295 35 112 51 
27 113 291 214 204 226 58 122 243 193 211 45 166 172 76 248 162 55 225 279 192 214 160 216 95 262 273 189 142 184 212 130 131 190 225 296 102 280 261 115 36 86 214 37 43 110 173 12 228 252 232 173 176 221 43 182 241 231 113 122 290 52 54 153 149 98 109 202 144 235 265 287 253 139 49 232 39 259 54 253 111 177 280 21 90 254 298 176 72 278 50 48 121 68 159 273 65 128 141 123 
123 97 235 34 203 258 135 81 274 169 237 12 108 195 49 129 121 246 147 23 60 39 98 83 198 99 51 72 172 259 173 90 161 254 105 135 100 18 174 138 97 70 245 78 137 244 230 93 119 280 6 236 158 290 14 92 78 117 81 192 101 252 147 92 63 187 81 104 162 293 184 248 171 21 35 278 52 2 104 246 124 63 192 227 26 211 11 151 178 222 272 240 228 0 272 46 196 264 155 215 
89 271 135 256 295 93 158 229 172 80 190 210 229 118 121 169 160 54 42 152 138 68 115 147 59 163 90 129 290 267 65 240 184 232 104 122 184 281 101 244 68 87 269 205 53 292 241 187 73 36 150 125 182 286 153 6 54 176 9 54 218 200 71 202 251 31 31 87 179 268 15 267 282 245 162 38 70 214 166 183 136 181 261 150 34 73 144 74 174 173 227 114 92 123 39 266 150 160 123 69 
145 119 115 198 30 237 235 257 51 172 104 78 108 111 107 284 69 131 231 100 153 260 296 211 167 112 60 183 295 108 10 125 72 118 85 169 99 128 49 188 49 165 239 51 54 60 179 126 187 97 234 229 266 113 104 133 135 1 199 167 193 209 76 201 137 12 175 174 18 38 172 105 217 24 147 119 205 252 181 286 250 286 104 169 263 209 0 40 103 236 147 294 114 163 240 81 115 19 130 164 
59 196 153 257 93 119 3 119 202 164 295 92 171 200 178 21 271 297 209 68 6 54 98 135 104 236 51 286 130 25 261 89 65 106 298 140 5 282 111 256 202 160 191 113 125 225 9 47 285 95 173 170 36 182 11 253 82 40 201 168 37 92 50 227 252 67 288 259 103 269 84 92 159 20 183 159 40 210 272 236 78 254 88 142 73 229 71 246 177 212 161 206 205 39 238 117 248 24 189 133 
271 142 59 179 34 249 140 88 36 247 211 209 28 35 121 124 25 26 135 105 161 136 223 168 138 275 68 152 286 210 248 158 6 27 77 246 4 101 274 39 194 118 101 51 153 0 228 98 221 221 129 3 270 222 194 30 126 256 19 37 75 181 131 39 102 268 172 134 115 220 284 194 50 193 51 29 84 11 18 230 219 48 199 28 289 296 290 205 285 162 61 53 23 12 214 197 71 94 217 285 
280 164 211 140 159 258 167 185 154 263 175 229 222 297 239 81 10 240 56 99 183 188 67 251 221 21 295 295 194 152 77 270 171 188 255 88 140 226 91 213 170 0 205 11 238 113 296 66 199 180 136 150 250 289 114 180 195 34 51 43 225 181 189 257 13 152 57 247 35 253 126 42 179 227 256 208 258 289 253 141 153 280 135 180 137 201 134 149 53 141 4 28 161 230 251 4 250 84 173 49 
75 185 272 293 210 282 262 164 234 271 127 168 126 71 205 127 289 249 34 121 68 100 100 76 140 112 1 164 135 53 283 30 247 298 273 251 185 184 178 100 101 167 68 32 166 16 242 297 73 242 245 293 156 144 96 135 103 156 161 223 55 160 108 175 197 73 189 57 150 147 228 144 194 160 223 79 103 226 298 76 15 278 275 196 76 242 294 56 271 176 233 54 38 178 123 239 295 17 262 81 
109 56 199 174 233 61 203 82 68 201 99 237 27 78 153 143 195 30 121 42 1 204 148 136 25 49 246 236 204 257 220 27 283 196 282 47 199 128 124 276 135 191 194 191 281 40 115 150 81 147 149 132 59 196 65 229 126 216 118 17 237 110 228 155 1 63 93 127 126 12 256 1 222 138 48 92 245 187 252 260 251 70 92 187 115 257 275 101 229 95 293 170 140 74 53 288 256 86 94 227 
8 42 85 205 186 295 131 274 34 1 238 146 287 213 124 202 259 184 9 138 91 40 100 274 11 133 125 113 164 61 189 70 263 10 79 118 120 213 107 19 96 105 293 35 56 193 158 225 267 292 55 224 211 138 294 116 70 260 203 6 133 188 211 183 232 20 14 115 193 150 116 219 195 53 82 157 189 127 265 209 243 241 72 243 199 77 243 221 132 51 19 211 121 177 32 87 115 164 98 280 
54 99 21 41 194 11 3 99 128 74 259 226 118 190 150 35 200 154 93 102 269 149 127 26 90 230 5 37 98 159 5 49 187 87 21 196 10 204 10 47 291 60 203 188 238 79 77 202 209 198 9 240 11 83 161 87 174 58 41 130 97 169 3 150 114 180 177 16 278 269 260 141 133 9 247 283 248 228 3 239 17 212 36 38 204 179 205 248 51 144 23 117 150 210 266 186 174 178 60 169 
33 276 219 89 16 158 54 81 213 190 122 107 159 233 239 2 163 38 20 297 76 201 60 53 117 130 291 173 135 59 21 265 293 232 103 127 147 271 133 97 159 127 46 227 282 197 264 90 219 215 260 253 102 186 235 176 282 178 83 200 49 293 127 239 106 207 35 146 7 290 275 86 95 124 30 147 38 284 166 29 229 224 216 19 129 23 49 267 221 271 146 81 135 191 169 187 207 192 41 42 
276 121 64 289 62 254 23 175 215 270 158 31 11 235 73 101 96 199 290 84 70 43 104 181 254 136 275 231 26 258 234 192 287 75 86 53 154 75 108 184 182 109 34 219 264 289 149 200 86 250 151 30 248 240 131 180 111 178 66 193 174 169 170 220 69 269 283 34 57 32 295 141 280 86 228 26 222 262 297 180 51 138 20 121 9 40 52 32 16 174 168 85 95 68 2 160 164 50 245 40 
177 192 269 37 52 19 133 128 139 175 69 87 20 230 26 119 85 191 30 202 150 177 101 53 253 89 242 51 88 205 111 20 56 35 76 231 154 105 221 284 22 45 114 181 29 238 179 157 42 149 295 72 9 183 22 294 109 58 44 254 28 63 268 129 45 0 290 6 282 3 177 92 138 126 182 167 281 231 278 92 28 70 177 294 87 89 177 245 70 41 52 166 251 112 87 180 159 147 259 207 
70 212 72 165 51 207 16 123 68 225 2 244 294 8 101 206 125 191 165 130 139 165 214 37 154 282 17 286 74 247 225 71 195 2 226 197 202 154 2 147 275 198 107 59 104 31 125 117 171 298 292 171 281 249 179 117 156 9 62 78 48 272 126 173 6 176 105 19 238 127 14 135 70 169 102 182 181 265 136 222 211 182 215 248 282 122 23 152 35 28 203 223 4 68 241 4 195 75 226 180 
17 135 265 146 122 190 46 245 242 251 0 48 238 180 280 81 212 134 191 143 18 77 277 242 53 136 269 257 195 274 253 101 98 268 1 98 142 259 15 251 127 256 264 254 91 275 274 127 241 27 291 92 37 67 92 69 61 232 91 83 273 26 237 57 122 80 25 8 286 62 194 161 97 124 254 186 76 118 2 133 292 221 69 26 101 175 52 237 155 172 271 199 246 46 37 93 225 240 148 211 
49 267 124 93 7 262 26 92 139 223 118 54 111 71 159 133 159 16 96 202 216 13 82 11 167 49 202 4 203 164 246 151 129 242 257 262 269 57 23 11 210 83 28 50 5 0 206 167 95 277 158 293 86 103 57 125 163 65 124 21 135 135 259 123 265 219 263 286 85 218 272 9 18 285 216 35 104 261 79 204 171 46 146 222 27 180 196 135 164 19 182 265 131 239 53 283 114 7 194 130 
112 273 287 83 268 94 148 128 219 63 217 255 124 13 284 205 196 134 105 73 152 172 36 166 55 231 135 195 26 48 217 34 5 105 85 254 36 237 47 197 37 191 159 283 231 73 219 208 132 237 143 158 71 222 192 121 260 41 41 133 61 223 218 219 296 51 46 178 177 121 106 250 50 292 105 254 107 22 4 109 145 219 113 172 147 44 142 115 96 254 39 75 266 149 121 285 124 297 86 201 
152 245 10 112 120 97 23 160 178 197 14 290 89 194 273 129 178 74 222 183 162 251 232 163 46 8 149 41 107 282 117 98 95 19 220 115 295 223 11 222 145 234 203 123 217 194 189 296 197 118 191 288 188 21 50 194 220 156 58 11 155 36 115 101 76 154 21 202 151 171 237 250 241 175 176 18 237 244 157 278 153 159 216 122 190 75 25 36 49 19 130 189 142 107 30 149 16 61 5 134 
210 34 102 54 249 25 87 224 279 151 169 69 94 141 255 44 213 86 223 270 66 26 91 91 293 295 266 295 68 222 112 178 132 52 198 206 258 266 267 49 65 8 283 126 284 51 75 160 217 35 40 54 75 271 122 37 57 185 5 64 29 192 8 213 293 89 57 105 224 219 242 297 176 225 94 33 256 45 222 190 30 196 40 66 95 129 78 96 44 88 149 134 67 295 200 95 158 160 173 211 
249 297 173 164 211 139 154 203 149 246 202 197 295 95 115 178 14 135 268 178 153 28 238 287 199 225 43 28 189 270 44 180 146 191 242 182 7 139 257 178 247 81 93 225 120 76 222 127 25 193 148 9 41 18 17 191 172 170 244 193 72 274 223 59 261 298 282 31 3 26 189 259 266 180 60 156 298 107 62 43 30 83 89 54 83 155 52 182 246 106 198 14 6 111 271 59 121 240 6 201 
282 259 240 12 275 180 286 59 112 75 250 286 78 151 251 295 89 65 77 185 22 62 3 227 60 146 250 253 16 255 112 261 11 23 27 295 74 49 31 5 210 247 18 207 14 17 167 189 217 146 171 125 5 175 78 53 287 91 77 212 156 39 74 57 273 147 39 263 44 160 205 19 188 214 248 192 201 29 58 43 153 96 126 21 108 159 264 277 34 153 175 127 88 269 122 83 90 49 90 61 
229 24 105 128 270 226 5 145 201 180 92 165 71 224 148 216 23 220 141 75 105 45 201 191 126 115 67 141 192 101 61 137 60 19 36 16 136 175 297 204 89 130 183 85 107 230 1 18 276 75 48 28 89 47 176 24 130 256 197 245 213 298 176 156 101 95 159 264 165 152 20 208 111 241 169 138 83 266 250 163 205 141 131 99 70 83 49 167 39 142 156 154 138 279 144 224 27 171 80 146 
279 120 152 112 287 178 230 38 78 104 27 148 51 208 121 89 159 205 268 265 188 156 199 276 5 182 178 31 278 271 91 268 65 173 15 170 49 146 127 147 68 196 28 297 133 96 66 55 223 110 291 289 229 49 30 190 253 152 256 100 154 19 225 20 37 256 259 205 259 179 77 137 78 227 112 132 177 34 263 285 109 81 98 69 53 114 104 189 106 32 193 217 38 245 76 37 94 96 196 290 
64 254 109 188 97 191 47 164 78 284 220 125 208 165 35 61 85 177 161 248 177 109 234 125 73 45 175 34 29 10 77 202 112 87 133 297 234 75 51 173 177 249 204 188 81 51 50 123 161 3 279 249 4 227 184 164 130 185 175 95 54 3 78 273 162 119 6 72 193 175 20 27 221 193 221 7 293 155 89 0 31 156 98 123 54 217 119 104 64 111 47 31 114 97 281 167 209 205 206 157 
258 89 211 290 197 30 229 220 261 237 231 106 74 106 104 169 108 64 180 173 129 291 102 111 69 298 95 239 164 100 260 185 217 25 52 261 167 165 274 250 194 257 21 140 284 189 154 114 210 268 273 166 57 172 141 35 107 172 100 113 196 260 38 297 208 43 159 159 61 74 72 94 262 47 266 176 297 156 37 144 135 219 72 61 187 65 216 237 170 235 201 263 4 282 164 176 193 263 86 298 
95 144 166 256 249 167 41 170 281 45 246 244 170 30 278 49 34 88 118 97 233 283 210 106 68 26 175 288 96 218 261 27 213 224 175 93 40 202 123 82 24 207 262 257 196 128 97 62 248 164 94 76 183 79 162 4 101 125 158 202 191 99 228 284 277 174 172 135 172 275 15 124 168 224 179 285 123 192 61 110 224 113 137 245 8 225 138 90 70 216 219 43 49 249 13 237 247 211 42 296 
106 42 94 212 287 291 43 37 147 31 239 154 96 231 95 147 48 119 2 295 161 243 204 74 256 194 258 182 297 40 150 26 162 136 292 217 280 129 10 30 122 292 99 227 238 179 227 249 96 205 192 269 196 144 118 167 8 118 222 141 170 247 118 91 116 57 149 243 52 163 23 161 28 259 137 109 203 24 3 190 278 23 15 128 234 236 145 245 68 287 145 68 56 242 142 39 234 139 2 187 
26 259 140 77 264 53 88 89 80 100 250 47 172 88 267 219 253 296 211 276 102 60 243 11 242 292 135 155 213 253 279 108 192 155 133 229 295 224 280 274 261 15 39 151 217 11 154 246 96 48 101 298 200 72 199 271 34 39 100 173 126 279 23 89 179 16 258 82 165 208 209 172 254 175 95 78 234 82 74 75 144 77 78 237 43 124 57 96 172 191 78 174 54 156 225 79 130 250 120 253 
250 259 170 284 8 261 286 206 149 50 257 101 96 178 285 88 263 25 225 41 205 230 134 81 222 206 289 118 217 39 239 24 152 252 87 6 167 221 131 138 165 49 104 80 46 111 287 34 257 176 283 70 290 40 209 159 148 72 209 249 1 23 282 129 190 144 226 255 260 107 67 140 14 61 276 66 168 271 58 26 142 298 237 237 220 4 265 288 281 215 45 32 176 119 1 17 277 181 271 155 
256 8 178 70 122 129 70 69 182 100 188 203 88 37 164 23 165 215 144 164 154 121 199 64 37 284 296 239 83 3 19 51 66 208 63 221 165 79 277 30 204 296 92 106 66 243 201 38 142 298 237 150 229 26 193 163 133 69 83 199 202 156 89 151 294 110 237 268 218 255 95 286 199 3 52 59 31 102 23 89 197 283 283 129 282 14 119 215 143 239 93 109 87 53 38 158 105 208 267 233 
107 26 214 69 68 129 278 298 60 79 267 74 291 164 206 261 193 162 275 131 192 117 107 297 278 14 18 168 189 67 197 47 151 37 259 267 159 190 125 70 259 260 138 55 25 250 175 248 121 170 147 147 43 171 87 192 242 121 153 141 254 95 24 285 261 97 152 2 20 267 231 2 123 284 103 190 202 9 9 206 258 115 90 269 133 235 174 80 234 7 54 197 105 225 289 99 34 166 17 188 
241 19 79 57 71 10 164 127 207 213 148 92 180 297 66 22 240 181 69 15 35 55 47 185 133 40 61 91 62 284 44 271 155 127 69 154 210 115 89 280 192 81 172 281 93 108 54 266 288 283 112 170 284 41 79 113 158 283 171 37 94 252 117 20 137 91 91 51 8 298 79 24 155 88 119 87 117 288 214 114 298 255 225 257 176 119 96 85 147 240 254 59 1 24 27 31 133 137 75 82 
22 46 260 259 98 122 69 70 12 162 264 85 208 75 255 38 295 67 16 206 74 129 145 187 145 229 85 101 164 134 132 33 195 164 67 249 127 131 120 170 142 12 286 285 122 194 185 149 220 23 283 98 288 201 135 202 180 295 281 253 189 81 0 265 42 140 262 21 99 147 89 238 214 271 34 83 224 135 291 238 182 63 46 53 39 219 28 161 183 235 230 171 245 150 289 12 48 185 178 292 
201 257 136 169 214 28 19 211 104 283 225 1 72 30 247 17 290 278 177 30 55 76 48 298 75 250 127 190 41 66 268 148 168 197 206 69 252 87 126 295 187 71 93 10 272 211 164 241 77 211 123 54 253 64 147 41 28 96 25 199 291 68 65 126 269 127 59 23 172 274 235 54 79 25 274 148 23 288 110 30 146 115 279 156 95 276 105 100 162 197 277 107 203 257 221 96 254 290 208 91 
28 271 222 269 289 178 178 276 250 186 21 118 76 34 247 8 53 63 75 140 173 43 25 96 269 92 167 230 109 22 243 85 274 45 6 88 208 232 150 5 277 26 40 68 189 69 248 89 56 173 62 218 133 283 293 101 68 151 156 218 125 97 71 254 153 175 189 178 290 132 259 208 214 240 72 203 59 103 243 188 293 27 277 117 191 178 191 123 38 194 48 49 142 131 283 67 133 105 221 174 
100 178 82 225 228 287 88 181 182 81 213 212 108 146 30 288 63 222 204 282 280 271 225 38 167 4 19 29 298 95 7 171 15 158 185 60 78 212 195 211 75 118 157 207 4 164 97 173 212 45 171 79 49 54 78 132 214 70 232 24 3 118 252 289 144 147 46 134 80 140 194 1 89 140 188 195 237 3 215 40 71 212 16 49 150 264 26 72 75 280 189 56 245 277 1 51 280 2 59 40 
237 121 158 293 55 265 63 20 196 267 26 185 46 128 235 246 290 276 49 152 218 165 282 265 27 90 90 64 17 239 40 86 56 192 249 15 270 120 94 191 83 124 201 7 22 200 285 39 92 283 237 210 9 116 208 172 196 190 222 37 220 120 8 262 80 174 1 26 279 104 8 208 200 17 144 285 122 271 32 264 174 172 170 197 230 263 120 245 230 75 5 3 268 72 44 164 127 178 281 86 
163 216 15 238 2 14 55 78 106 83 259 178 175 208 297 70 263 11 281 191 164 82 237 160 214 257 134 38 230 94 157 137 81 189 203 198 196 174 205 123 250 290 62 46 128 48 167 105 74 161 76 205 86 80 58 268 48 45 54 35 151 106 254 262 58 232 241 52 93 195 98 31 29 177 125 277 54 99 287 143 27 121 266 250 117 17 27 112 66 40 58 219 5 246 138 132 266 151 257 271 
113 278 61 127 192 29 112 128 164 251 177 191 194 3 66 269 289 65 79 236 274 214 49 239 168 240 264 246 288 295 188 39 112 34 28 281 140 241 97 193 260 225 174 46 264 116 137 22 140 175 284 223 154 44 251 116 170 124 168 72 240 174 81 83 64 194 64 246 196 43 243 125 39 52 225 200 253 48 121 78 14 130 200 137 25 11 28 145 34 62 135 156 247 209 144 283 298 281 164 77 
75 60 65 106 147 50 109 40 26 16 281 13 131 23 25 114 211 264 102 143 41 162 128 292 211 189 94 284 276 199 295 13 254 34 15 274 65 26 60 13 190 208 89 54 254 236 22 245 219 20 36 65 89 63 104 224 40 101 126 154 40 142 277 67 23 132 104 239 153 211 217 201 184 89 74 36 176 107 81 186 89 7 83 210 245 83 83 23 180 13 226 233 263 87 278 273 243 258 85 258 
69 250 95 271 263 216 69 140 112 91 65 54 167 112 4 193 190 162 153 129 186 212 192 175 105 298 19 94 288 262 171 266 26 240 190 192 20 124 203 89 172 195 133 290 49 168 181 201 166 24 74 39 58 241 67 140 252 66 93 190 296 259 13 176 294 266 79 26 252 212 277 91 216 116 209 139 96 204 207 243 9 117 60 242 192 1 217 175 248 256 123 279 253 191 112 181 203 107 226 228 
267 90 182 124 135 165 279 298 10 123 202 95 272 6 233 31 6 94 218 169 127 0 164 81 152 154 160 151 37 149 266 219 49 227 146 214 175 250 167 130 75 95 117 182 69 143 109 12 49 170 34 217 112 236 105 98 291 162 186 164 40 173 36 271 46 75 259 68 173 153 199 128 6 98 132 7 38 234 235 104 141 238 37 94 114 97 201 8 11 84 242 279 140 108 266 132 258 175 121 267 
247 85 188 72 263 73 238 21 43 136 166 41 21 248 252 61 211 135 170 39 153 75 98 3 67 176 25 99 90 49 180 174 160 38 289 44 46 137 144 145 0 63 281 19 260 120 284 150 27 221 98 286 211 236 232 177 131 150 172 37 14 14 4 259 44 226 55 218 198 236 271 187 87 175 125 237 239 176 196 0 185 242 202 37 144 105 245 105 237 181 205 41 49 30 101 140 66 115 0 34 
4 29 158 164 3 228 44 20 178 39 21 38 93 281 165 81 56 83 146 150 250 253 54 92 221 256 238 244 52 128 174 153 111 271 261 231 240 224 152 143 71 242 248 231 20 295 36 121 152 150 263 168 91 293 14 174 126 57 295 78 43 104 26 201 188 255 114 133 145 221 257 257 219 180 145 294 126 71 226 236 182 250 46 180 97 56 74 64 104 33 29 163 112 237 103 198 138 279 140 281 
62 63 2 37 105 90 101 81 26 75 155 226 274 295 251 162 272 207 61 162 271 149 184 125 222 69 49 95 103 77 1 78 179 179 63 147 272 175 177 161 123 167 132 56 123 141 157 69 143 206 2 40 176 18 119 72 22 236 245 168 70 246 182 120 120 184 280 220 147 76 295 46 48 286 165 13 170 71 282 153 24 261 153 218 250 275 109 93 88 190 166 188 196 65 153 66 295 52 193 209 
60 137 119 263 127 65 166 18 56 242 174 97 284 270 232 225 263 9 11 48 152 202 158 86 114 271 158 241 42 138 72 73 119 142 66 51 166 182 180 15 5 20 248 180 127 216 233 6 152 294 229 280 207 232 126 258 63 147 97 122 16 118 21 90 70 68 226 283 137 42 178 251 43 95 181 133 234 0 73 107 71 219 150 147 229 27 247 295 60 272 44 60 98 119 212 265 195 276 183 294 
296 167 105 191 268 273 290 101 283 112 106 201 110 105 148 41 295 146 26 249 290 69 166 17 199 258 280 8 26 151 64 16 263 192 63 107 260 187 82 0 280 228 149 121 229 10 39 240 96 177 67 128 185 120 69 72 214 206 225 247 227 123 179 30 10 252 54 18 65 15 70 95 216 11 153 165 4 26 255 268 22 225 145 241 244 286 49 73 228 81 181 208 274 17 187 133 136 194 289 15 
103 61 191 27 273 107 68 125 78 123 122 222 78 247 96 22 211 98 279 287 291 63 48 249 20 39 228 265 30 16 232 144 274 273 260 17 157 250 272 115 39 96 64 179 0 190 51 35 72 245 217 60 273 274 20 83 151 151 230 271 167 72 223 153 117 201 43 264 202 31 85 184 245 287 132 33 246 13 47 273 114 237 6 75 27 0 263 23 165 195 230 46 88 205 293 113 74 95 221 278 
129 224 15 243 233 104 191 207 199 35 253 220 37 240 130 233 107 9 205 106 233 114 148 201 54 173 242 192 295 13 91 283 148 190 178 157 142 188 54 255 259 57 167 192 214 225 194 46 219 119 210 235 167 120 290 80 80 258 233 47 112 277 96 274 63 179 245 94 121 20 13 167 34 240 19 230 289 108 121 201 266 204 272 38 153 230 245 20 140 291 34 240 286 121 100 295 98 152 2 246 
257 14 79 72 98 226 242 237 189 2 174 97 266 61 80 199 247 57 9 219 105 27 75 88 163 7 75 276 212 199 217 1 184 91 285 57 72 110 227 282 32 215 176 79 295 166 193 213 120 289 268 236 193 266 115 200 151 297 85 10 204 195 65 173 70 277 263 206 18 274 9 156 60 242 61 240 0 89 270 285 211 223 90 135 218 76 184 287 208 170 2 210 277 232 125 108 94 127 15 57 
29 55 145 112 243 5 240 144 65 149 102 164 136 248 59 119 186 101 240 18 297 130 18 237 155 255 161 140 71 108 39 159 91 207 61 38 101 287 16 142 13 283 5 241 279 261 133 210 222 167 144 120 251 255 135 25 283 200 52 9 32 215 257 235 242 138 283 6 58 95 230 53 86 57 38 293 110 35 265 39 117 162 121 56 188 290 146 247 261 153 199 236 37 249 81 125 44 147 137 159 
176 54 84 45 278 79 119 71 28 69 14 113 11 126 162 144 184 89 250 37 159 281 103 149 132 187 158 176 58 82 208 67 224 70 19 104 87 212 68 293 275 66 61 91 167 16 21 262 2 137 71 94 121 214 65 296 230 201 260 44 89 172 89 151 50 12 196 284 121 13 68 50 206 277 162 137 213 13 118 294 240 286 7 196 91 99 221 191 182 199 36 174 44 109 198 76 106 87 125 21 
53 153 70 179 80 110 161 256 196 9 179 237 169 39 109 173 206 98 104 109 287 37 54 41 181 34 27 289 184 8 167 134 44 120 88 183 92 116 151 112 57 26 82 162 171 148 78 60 286 61 211 51 249 292 233 44 283 239 122 204 153 189 192 14 81 129 271 99 285 283 39 263 86 96 120 160 198 185 162 170 114 130 272 179 240 154 232 55 95 109 104 65 186 279 89 229 271 179 3 217 
203 127 44 260 240 84 74 190 280 217 192 266 191 160 86 219 280 45 169 222 78 238 188 71 167 167 136 197 85 118 21 1 202 146 42 21 66 25 224 231 152 117 247 22 17 133 110 293 97 29 42 142 153 152 127 123 215 146 215 213 244 85 208 225 48 68 153 181 289 224 91 129 158 24 56 213 245 273 111 244 182 234 257 221 40 286 263 79 227 270 63 249 164 71 75 172 202 253 12 156 
176 259 155 259 277 22 266 11 181 40 78 287 48 59 44 13 40 168 249 255 109 237 267 51 50 286 229 115 76 41 238 99 7 297 156 123 269 252 296 10 263 26 207 156 202 209 216 108 208 147 30 77 0 150 98 286 0 126 152 190 124 234 66 51 186 268 14 214 198 271 165 235 249 61 18 250 170 88 293 20 171 51 281 277 257 78 200 56 97 10 73 259 231 243 245 281 114 110 36 291 
135 62 159 112 85 124 202 31 175 241 21 296 298 1 250 98 70 57 274 215 153 72 39 115 200 274 208 259 139 54 133 274 230 153 216 150 279 273 251 86 56 145 153 105 159 37 144 211 269 229 36 193 173 70 21 106 138 179 165 282 113 112 281 110 130 137 63 31 194 260 247 132 121 117 127 252 208 52 237 201 264 12 281 292 146 278 125 281 249 5 185 234 32 57 223 203 296 177 136 221 
283 56 19 183 152 143 69 93 259 19 108 100 4 217 258 37 20 294 81 187 59 274 80 71 290 271 62 297 233 238 222 60 292 14 79 74 173 176 211 159 22 41 158 120 270 196 62 56 236 166 195 289 295 209 208 232 208 70 39 86 46 162 57 132 89 175 14 76 280 43 141 293 84 3 164 38 266 3 198 222 92 231 237 22 126 103 280 31 55 276 228 29 220 149 226 172 33 136 8 49 
282 67 61 15 238 172 290 2 122 98 63 290 40 11 270 175 155 218 256 164 134 71 30 216 208 180 295 52 236 81 76 153 219 286 55 92 258 43 282 138 181 240 132 161 130 145 195 71 5 22 113 270 292 26 17 94 141 298 149 62 15 276 70 204 281 199 19 1 112 25 202 250 128 63 228 6 93 295 206 228 292 147 170 195 85 222 20 10 224 188 152 262 25 10 68 20 228 74 4 97 
186 215 155 192 23 63 59 51 221 44 240 223 284 203 236 203 272 109 141 266 2 102 20 71 194 57 49 270 122 219 104 184 72 195 104 185 92 17 176 56 169 26 21 164 154 66 69 167 57 135 249 129 155 28 15 103 295 10 59 292 245 148 202 134 33 272 52 176 112 124 254 202 175 193 78 112 173 245 66 168 52 192 276 67 151 288 282 123 270 116 139 254 77 170 61 78 203 171 161 277 
163 3 79 278 138 123 102 133 66 20 183 107 233 271 152 62 17 115 15 16 275 248 74 49 3 169 221 144 100 62 264 252 196 225 121 283 149 141 290 84 258 180 190 20 31 127 237 100 64 272 156 100 198 286 32 258 26 67 277 280 104 109 54 8 6 180 294 260 282 125 167 149 214 78 171 293 172 171 129 30 34 292 100 78 277 174 21 203 176 120 139 181 115 166 162 164 225 282 2 235 
44 13 288 73 278 137 25 25 103 89 158 25 22 114 87 157 276 6 86 57 33 250 127 212 227 98 249 78 137 292 256 210 31 54 144 65 162 286 266 156 56 296 212 120 153 148 10 65 289 25 292 294 219 189 54 185 287 62 38 234 247 166 59 26 154 256 122 196 154 56 161 39 229 90 292 215 98 266 102 36 161 98 220 283 257 139 70 32 104 63 57 177 151 266 22 12 196 114 211 193 
118 116 124 273 112 26 114 164 136 54 223 282 162 80 200 248 47 61 114 52 275 170 230 278 212 92 107 266 152 237 29 86 60 296 81 99 7 5 107 123 113 190 206 99 151 208 102 44 164 2 8 292 186 24 244 38 39 77 294 105 278 259 65 225 85 210 277 3 85 283 256 40 92 265 42 116 183 44 227 60 152 64 119 250 151 132 291 87 167 161 76 252 124 263 63 160 146 130 7 220 
204 145 153 190 3 200 129 20 201 193 113 39 3 226 100 160 75 46 190 180 290 251 162 213 259 26 114 267 271 270 244 225 111 218 281 111 153 25 219 31 135 127 122 188 173 272 286 6 80 206 262 6 132 59 242 68 249 70 161 282 59 214 252 141 206 86 199 239 186 194 244 24 12 297 219 46 207 184 89 48 84 7 292 105 228 232 98 176 238 104 124 10 11 181 166 67 93 222 221 231 
125 280 152 242 144 37 69 7 208 116 276 158 293 31 133 125 84 256 77 207 175 195 77 40 179 193 277 15 185 280 266 43 298 118 142 219 67 77 203 27 196 260 295 24 112 273 1 263 114 249 20 109 129 31 136 295 250 172 91 40 100 205 247 25 73 112 293 157 85 122 115 295 128 176 6 232 59 259 243 122 275 69 84 15 83 143 47 264 151 54 28 110 265 93 53 22 161 102 36 234 
206 7 100 127 37 58 92 199 83 195 10 227 166 274 170 289 259 60 284 286 184 129 91 238 173 31 24 109 243 170 246 219 82 248 217 197 262 45 243 168 48 138 147 227 220 196 264 55 126 223 193 36 128 107 163 280 177 115 179 19 77 228 115 179 244 82 222 78 115 102 237 42 56 67 2 144 50 167 167 73 13 97 81 19 229 52 214 275 82 206 159 16 28 63 188 67 219 96 212 32 
20 232 99 91 285 20 252 116 102 27 65 111 208 31 17 26 213 272 97 264 115 243 112 155 167 27 223 277 22 40 75 187 267 154 105 34 115 207 73 50 143 110 185 59 157 231 48 150 180 284 72 176 167 226 179 290 205 278 159 52 23 270 195 233 259 240 42 170 245 210 112 179 36 258 14 11 25 14 7 211 99 32 121 78 180 167 106 135 67 44 250 41 252 12 199 255 73 141 83 174 
0 82 272 1 249 121 210 41 237 163 68 258 84 229 242 153 289 69 162 167 7 220 37 272 265 222 75 61 91 142 217 231 23 234 134 164 272 278 159 133 76 136 102 66 189 202 247 127 59 85 156 219 195 176 271 155 107 267 104 60 105 264 147 44 23 101 98 260 219 83 116 89 52 282 204 102 105 71 197 70 169 129 164 124 72 214 93 113 244 49 174 17 74 265 127 54 290 98 172 229 
189 188 129 77 288 108 215 167 37 128 169 195 290 56 54 40 188 141 85 271 69 199 168 161 174 10 222 11 16 99 129 149 83 85 52 156 112 195 268 87 59 38 54 1 126 83 34 60 1 32 114 42 201 236 34 52 217 225 217 153 173 292 35 53 177 201 200 154 102 124 194 218 185 166 199 253 30 276 168 228 235 67 294 244 277 55 289 106 254 248 146 187 130 255 162 138 153 170 29 15 
288 154 255 273 271 16 255 40 180 26 126 224 202 92 92 109 264 213 46 71 182 50 220 238 115 87 176 25 72 190 142 260 204 101 182 266 116 257 29 223 48 68 11 119 272 197 190 184 249 288 20 156 294 167 75 41 37 105 246 6 1 37 265 56 194 66 275 167 260 235 178 238 123 234 220 79 138 4 253 185 145 169 50 0 274 113 51 205 70 112 102 259 105 140 232 179 35 234 26 244 
75 161 42 235 30 66 87 132 118 202 56 247 54 176 155 159 131 37 281 53 278 128 111 226 236 187 265 50 157 182 25 196 118 281 265 184 204 134 210 170 286 255 60 183 201 269 140 135 158 284 110 153 251 166 268 180 114 151 99 105 51 234 238 41 282 50 158 282 146 122 51 180 78 28 240 15 174 241 16 144 81 175 27 222 295 89 173 119 63 251 86 251 161 108 51 99 32 154 34 156 
214 73 107 101 41 249 129 41 213 264 155 36 138 266 174 48 15 211 181 202 188 140 159 281 292 133 157 117 174 280 162 262 221 43 268 245 202 31 129 241 151 63 168 120 208 22 113 132 32 167 161 15 228 40 130 199 4 167 50 234 256 199 87 183 173 75 263 49 18 14 63 41 240 20 189 204 177 229 115 288 103 184 66 46 234 277 202 145 16 12 274 222 271 196 274 100 127 207 23 240 
127 67 140 206 30 163 26 186 235 194 169 78 126 199 54 204 29 14 87 79 269 126 293 177 80 115 240 243 101 187 1 214 139 147 245 52 225 186 81 60 282 246 78 170 171 278 189 126 45 178 115 237 161 292 160 58 218 155 280 293 78 123 119 286 40 266 119 298 19 189 223 51 294 64 99 243 291 132 89 50 121 144 128 168 17 145 85 287 194 89 268 66 20 134 202 106 122 10 211 286 
63 29 86 108 116 117 94 164 132 130 175 235 195 13 286 225 215 296 94 43 98 28 169 97 84 171 71 87 247 202 24 165 233 225 173 115 36 86 290 165 198 193 106 140 30 61 172 282 198 221 66 72 49 119 57 160 18 264 48 295 122 272 275 152 296 38 249 206 283 214 80 162 11 231 132 50 176 298 4 121 288 147 86 108 83 174 254 148 62 226 84 132 130 214 298 193 143 218 280 85 
263 92 118 117 91 170 41 277 202 106 162 31 243 217 2 119 175 251 138 23 277 231 33 289 222 291 42 163 154 238 228 51 148 37 135 38 180 221 213 30 124 235 96 51 168 62 256 234 166 235 228 231 20 72 112 195 61 109 233 194 3 92 258 61 26 9 40 5 8 289 105 13 214 207 245 197 65 199 230 76 183 186 100 95 196 153 166 61 50 70 55 187 246 221 231 167 86 29 269 214 
297 290 226 219 132 109 169 166 194 167 105 191 83 269 105 17 245 42 151 99 162 153 202 162 43 24 142 122 59 268 100 241 32 200 164 47 74 40 135 91 131 188 289 231 6 178 245 241 118 283 42 17 148 233 286 277 32 83 281 162 218 219 120 101 43 146 96 112 174 89 293 294 222 242 124 29 122 149 174 25 237 287 153 215 297 62 234 139 286 236 243 158 82 126 245 224 224 37 198 298 
115 130 280 266 57 92 217 91 220 18 92 236 40 142 199 58 213 185 155 231 191 241 287 214 94 222 135 53 133 141 89 53 43 93 214 217 224 20 180 48 23 231 150 157 121 17 256 134 127 195 174 49 64 8 69 156 158 84 292 136 277 279 74 272 254 153 24 263 238 160 81 85 160 29 80 244 74 280 235 133 189 182 160 33 114 263 274 136 203 226 45 241 20 53 130 132 243 221 24 132 
195 109 28 158 72 160 93 36 68 277 112 231 117 108 140 4 1 161 159 7 8 297 28 45 251 24 1 186 89 105 182 196 221 72 288 248 173 73 188 176 79 149 226 5 72 65 250 219 110 200 81 177 254 215 66 260 120 4 26 96 268 158 205 50 37 175 203 201 78 222 247 160 63 208 156 25 86 89 277 227 27 204 22 88 134 69 25 62 231 187 146 74 136 260 29 114 243 237 7 113 
53 35 30 59 8 71 0 287 37 182 28 173 78 216 100 243 207 148 159 120 46 230 231 36 23 6 90 167 204 296 229 155 259 130 75 153 46 259 202 121 40 153 16 162 165 200 267 200 118 84 4 255 184 237 121 152 129 247 83 130 147 104 176 83 79 145 181 173 19 93 163 146 216 145 107 65 260 132 171 52 141 238 11 36 122 95 253 296 130 280 253 198 209 69 274 252 192 240 118 284 
72 237 87 179 98 269 257 33 47 186 262 51 95 15 77 207 194 281 229 225 147 39 57 85 32 222 260 217 21 287 114 175 223 11 12 196 119 210 161 105 182 112 89 176 176 215 252 156 191 66 246 70 103 21 97 107 137 9 160 82 259 57 208 38 242 221 132 271 195 82 133 20 295 157 228 40 151 246 33 216 92 226 243 213 224 232 29 233 111 130 139 253 20 94 17 46 21 31 85 201 
107 11 136 232 158 209 290 107 160 222 130 98 210 35 18 72 125 273 194 206 259 172 125 104 174 8 219 281 242 249 104 152 153 22 17 278 242 218 292 176 53 152 76 163 101 181 169 217 278 132 11 183 252 80 41 90 9 48 191 112 53 248 48 176 128 242 165 131 174 286 271 208 284 288 113 239 21 9 92 23 173 80 178 162 271 178 152 139 248 264 211 108 151 242 186 191 274 171 97 250 
