251330248287560266654244338234923040412387260127394545500229165531837376472559108428911374025153720133422546866544942102831274134557285582165477784342585387251358253210217036530253029421439951022532741122350032643718817152321558550011156160378158358191119748945718555310096
5052415831754404444395683294241298567126161157549541359476370193487378386395164474558528634885824730246037853743945337819114748457416022512156050735953407410254475402012533975475208439451584138510570172406663155374613512861925152114531722035575562855382752034451902413615926145178186388
254206309421795641404894265201371145253282785923021751831621834947628859325024215333432898939611035138325531315373461168212571415455722892111734134297326617419514333213485631674713602725553514594089655733632331625331575851915172069754513234924226514416352946313329822719748113518
3882084936349831456937437318274145120433256953011018632337031814340216139239127433517931422484762871301542846611529230647853014305353445548325121438443255145785635474392471475743355268237982733931005658043933146051139363469451280171061492185544934137042530471399456164467394153530
515386535316200314270962941633092263224475664802255744435955572102085593575021341302614419818915055555580490312516173275784642281213381322653785722577553215339524135942912330249119106244788501170275137539941924474612491032144964123458419913644641820306339893719820654054723931482
3565733522181011225146241253068421117471204471282178510278268523230478586368126560255568281709113332526748554731244946331855653131155356190363157279927948114956634346256177363375229361223991423894225773291044271771905718836234172612253652305042522616435156735133634236232193359191
19452740634917412910296402235243183579145288111480372351125213412346545451585584324115230103511333902753011201459291486365995791799351056935235918349169323382625482001284698520916043456553049057462295230554151064967439720636522928292465577458483234226346432573111185244425321235641
480201158472180290226783793553291411074065743303775388430930543438436924563305416397507301538201451535101543055213835535641545473694243972571592953855923511089174355471483411683184575361402162573712512434015720328748211432522825721610527029742056730941613832398439111401109102386167544211179
129301253577245651082545055845088253547547228350348922931229217040422711313519520615027954426526610382254471361288475449585012164174439852155439358335292167180524903901371501872242085035204632335474035705039628834614456739321441841641723512351314655927492124433443419911276443482582267292
337121183246545551302383522312236481554444633742664349456110683113361861443482435773993024323203781441414262853488812712637518150144211746171135351181180252712571525429210129151164915272443047456546453533719750445353633253252239354818457725510995397551761804787337857349275399442420
43913751483384241723948549232455042729739118149137074500401787376293176524815403337734236175202738755952723689483141935055326110845817437142167714392042384652051021918241043246618739832827732373469494382523152543622527015140612416130625552844483294336585225191516441508190150
10139542025319230942923371725204984294163641431040427450507482395463422793084074413960665234539041444741258237352263152331762013893148573265454305586294436369266287365436747815217352139748530420837592221487763195015126521836349128246445441456736579308211138528135454521452115
8742430552831290427211189390385225342127434534387561557244740626620821504266545351315272345164565351794064467921441720614010314542681164104404365625723061695683991102711904934294603128828912431531293823092015392572142814635865145493514710555982500319545389288127427142149317544153357
175781861974791225548376304304397388127273198331184236375179571585317386413491471380434132170147533833831955175032742161283164605514803061008612821565103612584285551176429278554443312474151101508207547270361125243250352399235583460566122224378039028810313254822310321651555855934098523335
375417264501248154169119200171300474395433180127226184580577321132144034945187446177420341164315334389156237333427386541139309523012216637514147875343594101435703855932543941852568174105594874472913131917431358825809972186281542169151303274247284203531409818699379474581328191851
563319230268373434202105440545226212281151425294203254242210277483329234291363487369505315147830718927143464302106181295105568303323718050395135304240193583149483397108293461252398308524318311421322651835161411448830140950039238550715624342238327145202849550032321056138203465349413172319
6138424530454661635112407313814100268258404984534003381248540496316140422521525190432173631171064846917910540346132041035215317222331293111691154645674784765785745071853795721364206513945434913232110545557664414834001093883184711412364315501431075622531762351840037916250731664398240
144203120264586336306128553131512703858437949848427443642718255023031243410023851050024834520368405319447227423341137209255282319461578308361563501762932154861842451742481940430424836932015619717762041072642254272751662324304391555735556257839922919838056244847437920838339720451318165510
272117503141442115503734498637532934943552744012436447271133401741403494944293153545484543924594795052929542020458214814440032723534933159584534522782454021865032759353018014425535238424912284167762495752341841334411739324440620245021025136827610542625573580477480257119561558144281255
181822432575723347157754248913364480113634614091575793412963381436346036539136950193127136172180241117306240578333524432814851113732122984372414565352973077084314251451381441048625254433434944720329458629530123754537547055543943719531320734318620452533950353717448378466248460218530
147326331813262191493893014224446541365429486537579184392445733865152683487349541530841557526174499570535491894693232254305843946033658135926550343158539218224289524250412159585155207142463401119386331472194502463123268301173314529724028450044724242965801763384937820646430889348462
56144619524885487220153171427315454557547343447314431321076987625476507343326941786230964075551831701093908396444244861074541338320829930074324257521257161538181981728546839712441658638035579426217763334028623012111318020740619315753056431513314345355931548223324441990166439
278217570218100315383356192194681605342635003885122632920168921055664905018412739946536840221122310019325453532930941341920331114724133620346296830718635748143618343738830616146449030315983438585803834905753748254325751811537633912452742479216289105343531533228216393562123259446112279311
218169565552254785355304271201236230136314150294477326138233461250505692981492414061864222191653414296286106195234467577141176244248504454512572534682063564004133803121643495514288125335432162939375168504167409190287156050041336329423850850515311939334193573901005455464661874942
360112361914525036659200466260434363154478562527351321561584132381664053514414531162883155132369108203515928452817841026340255941733922437547868546254201483392251166333292472273075604951501223183094449019527726715623412737629356774493212409242351508288315529622601982655373626083465434
278156731599319624457225943017326128315193205366951913553423012441026017446422925022793491273348335194014131812552345110331617444038371572788347835155452228410106116381112378520507237362562291255202777312941919424518663363432163059365521473140713045058405813073912242069741355
40630945928460963995864443061961984039042814222323186499351483410304456232436549243355336865841422190751052043982593262402527430148579501528274471350376231325841434743241893592201271201463421495811652713342321815023581878254534012264298803391753143618412001964691661422253259
5474877487150508502118279465389855743741749018557049714575108523513135113726744013141711255187103414309364305495285347576425576513725654404293991603674555562453662533436307577564424981715002192842523081201454174665341745851591322064303252414836112918056988938675248193152127122
39846354439238316310221320751502144162142353181904631824341680200535417446307262423353651983014855744471385623656439528463153324564743015122579761201263543074939021035619869557200153334177211343141162245758135244388108480126402330528221814737735629238316744069137476140244207501537
26652046722345553423752128156310939157849051454712375641815514968956131465343242494235378461772820745302210447124150556872544703374425437622455536136754012924211118534109530785275521904993793614065082195623551091501482734045142252343957842319834819456336746119621719410983153170
57711930214842711235835245330419454626224438618443448163361724279118391461354231323792741355327930752817233633553541341529039739114221048792752756392370483156185444318740331334127319578390245302267580176327292409423346339595523091257330789558801592234613092797863519620750203
3534445684011235038341330729654142424430119728485433277289151837639534247343620515450837232828445144535146358228544015842631270491471125278460113576349429533366316543164526522771125082034964514274305514693085522993420646320466424171323522823424594850656139331848411231943932432426453499
21524592705071629137321318320947946941722223538422032136826554454403557496171625182855035175645292152283971532083534455016318259203397506250382432173204035825335329174431111658224010022135423138307261545193168120159362391774901695861591793765214744631771201031831568569488388294237544
55491326574432325712944284641642245563552124095293334716626818227832922758410939037512624461143295705052473254843639929121741951853233333822141849758254439548328549822458520054579654855522858039557031934231354717746356221762379461240683622066127525829944122341349245312253833423227
32557818531040253649314643414741233215415481411262634593145393663952823213464501535335825034112350749115649652656128355748742651045390324271461197846119054262482798856454756534368243327354919215330271195457375316483565382286329554247516021426870278224292471409205523117118488128258136
15929545187158143812381872142711915848288219538114517852012795485411624704022633816625829259453055445313215728429824712102941231921527726449295126240222941213332329238056196319213785154092421121934424781681762732255685304861329202277234562407273108287160372260164382547103318523573
37218135827132216210565255532205233487115580535426214536215184415275345554293394403535635505604125762861094182185733294450622861313419346140382594535649338815340136667929217327103394342256474451456480458811620197150294112487422407353470171442958028848822436923523316436230522502333
164523529989046753226228829853731145017793751983904612281679618287348207513392212044129210612470355224282892705141834003764732831062414572551235951511942535921627526352741282191334193496113461763943841434143201810033629456425850236325419535571971804234249825415617357050520422518495
329152538433255461407160519514864925683222333610552230134562545305154192094062661064842753924437059415128103128185509403436174123298451461308494258510491426468349262891164911811934842655645585783516334024452216099594913791133992432001095495823824304072564581911951769219194559265508317
2064554652215501305272183364443403511711475562354344891912558455286524242331271102621903523735144649426231454134172310474338539540228156420146339407311165744436931446020135834235285531473332262501444321761091632384682723535263369346528933192821014634503682783222901884103031609724548929
579446146390463470795705595542474951498947256647021140420521277286547047247339527142754589104885552913801234097956055641824723446125734924439537639912555953813731478561235444853554261912496581142361337226220103451352451436531454119276483366512194207254212605214021935081545278415
328307577445560535145321107246882773737450350488170181284113298882263964615521789535473322517351221362414349116574604425352545413005221861105143632081625302334315223331482995140084375265393565435241513451952534339539613239756340926651921675185851541332535274165104247374352281232216
92565117534423102523862105571123529697546483333292351191317211493295147409318176144392318465277586507456171291371509461188328210222463527164572364363307264543575742723115277738619558201202301741262682897040420130939279491480474113571136252337181171904889635320128432917724461119152235
48641339950543742638511346428482556473444434761864543071711524625565213572611531001290494865422301869243647788551289480469481119281184034425344291841219105353441120117540112312145104291715454372722055104572021419349414740027215820356132543444348334230461357397360179182167117241248483
410185645187931910755834533246585108149185220416400300446273522651534168824182315824711654663103255744986358214045032511420819254146741935157629717448463514151639357739349019442305634245448256152133354740323893343335522284445014941965443264033113591535152322582521024014632570254
388375241103211265782351391814392641782944972815052202472804701813923764531665711818645520224157022716952025542626646013544640328839022146631520029113515755635256163272443548645321012556143312366219196270467189261371774139474261102654865244321825346913914448216535116453434517628118331625
26435839721251117055555310740335638349640627941614224918143331614656451274884464322847729547335622855731821516955140539954043741491342359651584074328654656232913445635196524309281149102202305375203401962304855358120836261576964172194985174101122355122125155183187424554115174569284288
1122935133833651514705111729616421523045011929211464556358423775681731633325211155043063184841872793754732903661381264538356684125641157258114617153653910038168409484470376326526443350392502821453181084974292303475408829915322576180241293022604835387337393417410310454232559579196
55415407389207207165303942912283625184943875644435517629733824219433451740544953557426652028213733542461308224450426203198419420271170307215711598941749525749546418115644611515329726428247858434638433217396396353352111135859939528047737232429020726187176211623284058832044319449423
4632502771436966493357555123562393025214593930520331414464841442854561112194722234013612171965097472221272781203639443246834318152735331943683519483321105258343352536175493623153885135544895125151448031162392434339536507545446342531422331216129335487360409150153552495194223400156325222
483409315234203511412258361817520830840225237650012051471695255058119528834982174974865592214910592213389442481659718833742310986585184171224220932613017111032348193475474437173282131382302336469402493401677138953849628042619715247725753429221630243245149225125254201219469573147
50157950749117679285413324343314218259428361404173711495194459190313162585579101794801762972824695421156564187534582524984083971874405083963655412529257937614640916145488217140684241114023951042112119815245025456239542323655748644848628730324976272552144673515045727047427962337106298
139248267507375478447427376369544555625394131643714634441941081722404532746837334711323145914812537225444312351029429639412343412949319932622128239536214212216546422738753436957721124423930214912325329983497274447575373541167546549611218153243755202791775473808125614950543251546304470
2602796449213036245647837114353243140050327297135582837925115055653850042724634537902910842529519858432212728621640098287483521271036656513309227382721441557175342593484030654397101351168585507385397140191571622011924641611036633133956012989260112117450578237946754954409273116
25220437642611838235125112416190473322515648437489429649327127672084615172699755535015028726919421320511725428254457157125746415227027265217215260334524436228399341248494324371430732808319639048055951557528958431051955389268356554523328452744922252841525583704121773521560238
99245505244436349325453177232143125748236172684357234132619144944544282513390427118221041026742291195183526134595399427423367287442247512292570305104488390476481182173103951658919459106181534342529342444142158323615214371993324402845669844857826630329951055125433295246106541
15478537502523324547136628141471169314365142254398390129295123504186330193105582374453316171421623052036225728882201891271844551763194403261233132235343381789037217332334648720042635335363214991342561934294540332343281391461143844037921720335029359265453078032725046713249257138881
508309304293153821274589047895510465574446882474293364299327752141332957231813048092122254425571751271389483432312128575753414881312939417845315303453564293006115497383511428228570385508372165445505637432215138520474470270465314331574444833764247244424561793485088235397538224
4692218917247617455952950838546355418523454496426563438460482108461309298695364966146517443170169417623144522424833539044644126488385512818322449896335369198465691703195344125451552043735418927936153537959255446186413979388469278403112247308201358405582435492035646136717811
44445441531037018729871132552544514763631576262314437638839756725132954312756726032250337814446914629238812056557993282301713911753555111546715495544813342118125158456850508230307127162564331331841272242246327412024263176491305235445372403183159308295181645441802617717171286183
5383995384702677755212511813422636445315717018554719037336556839239752422428443923814956130852135910311738934720311617214021545351345092540537172576229277561415410200554459446275401904375621442504185794148330434434630510948045414246153924438217447336321019644575055795484394072812411236834014
5511812971114255023431241733431203152811452949224255317154812736118313832620712645420849851124616351533937635176383382303197396394261035121467463130278487273247307321469383672375361371045351051453246914635420843950127031922002531783415035555745254225180442166549267442427190944641
487791413322905814957731257243055253117529956923111635633243262441464299191537578276534122366157532177403258398547360145190692155244114216912352415661119187129215341529480253262464502732303804382742035467311613921736327868228209304692895211129544026196341477815322439299570514326
3451155652545533252514737657140224037549717746151357018641922810728113642621756106401426392264115452230554112341477246140342430261133982924785281443111046616926543626046475963129821812434656362115403287225488365333343233373559355322473434430412115491280921309814412749117317731149721318551
131273125062974813094912681961104611702652061368515566476187279288170272258343502085384465342854224465173751334319214354134091631902344333904734741024452510218921037927558529815754430712557054122819283303771975215644375045125175042335572134602475271592302751711898650423552655726434312288
1945723851414912995214461645013114434445711375246103196583514133711435202794292570479265481292348413328564216313240150351304292783795424791456333928818831753954503637211332835288455537295150550279488109248220562443433752614039225246938308281105254902153434365223394393656235122390
4553784503822858249343972552639645910626444924126858150834622802622811653714016354845514509412166567941883913705141121904825215751516842439037628544327220917037513616455022564129250496434823852452725104312303964104364314105824544405032674513137632056921832328644376582310383373401321
3742552875755722263881973542501652312451067159358508326253533962068620147389185173126373715481064335410255191316471142911549261570106183201105126392673075523563835552346518927049687513483357132392298511118392382691763704611871942333518139010021135718456231894705348377350585565
1093254834742745034414142757340521334525213031157437327048494352461134733659361503572109553715712855364205352213583724023181615781391125782917365100353314273258505388453412819065541561143901095528958139258645913313042733126537053418317915061362156460605131718025266378275298243302
2285862173104443852161201205039364764992417913147728945753578395438328137952584002822632252321004492292829348291255229993755641084905791633262141116018440024018018340022532948652020746411228268132292480492164845784433001175173343492363625438611426445155233121736143499453501338100
171201593992351791793072447922452028252315315556126428015732213010132725752864432674501434641844954516129273221056512926535784975505298326121106470895352054911415440534402366264283559257383383904578637527257252335404437815224752332992713953413016720517954523142171287176144162477
40930642733849018828951940541179533172365592971051872355394023954774224374133832061643542421731835251732843049432850116857615136985285523531255949724540747381460735918358523631733420261369234843759372205255083332793832211130743014633167338137437853432098396124464179406253206557
4736634217036540233057252716369411664989030324345335242650218715245835419437746011311350541948836428721729113102373121052324382726414215341033557737756219433849755523555476347177249231497353285278429158331527645112830310523545158544268542448056427856427362489171481433444228213224
721932305528813955945463548228375456140311531457206164133763551818685723617456361194506544386523439701894574574463585548135033051124712830518535347449079467426207421382386376517198436197454344702400508570290479286227525369238418841102651282281036547689531376303530478479343498119252
117893793152912852034155151914635221019571435622022602824727892822993444404894123285044083092521405274683423975402804334832384185501003842085593852050917910539754437742435431450414671741742242521565423637054119133156104562112082032842306152379352478210128238348624339407109298
31139413339752040539753125511152232614283233934084513661012362372133121185467143721016134649054910728624932612520194213397171703521595554265722213763961792425306038822327814929010852349837771135483400481405307195234288492484292485657320458527126246717037539944333446058532621402478373
33830277352812652823664004815525242101012623811485151794341644531774212163221822034424131247748437290349435520533386940926732912911025177111574234343121309299375374394533725133805854934404693335636529655996499488495584349234413453011602133515331017668397319450412298416294190135150486
4272319876287496742754554269646630813252130249425336430534352230359410324295241288633513764334791858633283364232254554033931823958691504962772745462928045919231744742651935525955124327435548754144633816432812122434358575672723324104611581528513036027528822775544379253570198406
3145335244131434501603684543764198621030424528187762371035054698253423632756218120031255746119029739655490287433212574327810331557488446561981642053352972011645593704412722483974045723762621435185191204163964134814057244047020122410045258398156550111462214203372129450561166112308130517
49111027058443318224573353292965754622053945645136835754125111557410548147030536353021158234563429291115343251250400279483231482313582204278121753943729327619912520846729134818929156427737484254714492183281203212903275353018522917085143239733835694303921024103135982571277264271433
328372406153527231439465265136319538372478296568555416553131105365505842274023956843615250252511611144043629854725324572451342113530268329321282362378500164296368489143463252143991917216335413274621034714684241183605375614442699925720917655725754227855063341115238951835623943544895514205
51314956765574233504187401554405498133995072344075092464123951185521683455022992923981210523215255232954227118332527037225726521336112483440196388872796021015931054242752334774673241304099355437252722122684245153044982734320032277212327161234977639935223218911783415361572367
311341238540579494131195440130305472661894903865623081361927944412829445095405370294381287157132815703136918237764467441244284349378581471474309364282232516494415326385671372709482220501309603924783265055623208225255043614373183901903792812212005801033110356383200476302352311450373
23279436327270542247191965631149831285237342187126971735621331124724621235564553346251565641145491136511557482354881462335261632413512565498259373397585304072429243674183204505982481674153561355322679213519735123841822858217338222832243125713243714437414717640929117739139278424
40612047823858646430723153624778176338573207542339544454160228193224121721737428510314389405156260355423493164583687527745730968517132258473824915004574319290962845251034851665443953125425592974529830660734834618141637039312719121457557566258569556518429277305174504281548268339
440469147416460384442315456202254185571343021657632620838532371603855831171393901878045075111930547472122410147453164509235649815511990484449152435385093585793243165673581104561204902475824340466374300537264569252110438144470345296248580681474204272341255734891845237319308315571476
30446510450814051624586882545311793244493552542032455781573725371301902765491461041575652332891592301641312253355383453384396948507199186271241135115329426334308103252181223297564351213552853601915849749132241719032633346911539945123423730330845110029319551318948250426838953135218438338257638
207411390586191574217558442611204554243515653793675253548134360121370721713355801851491973131434284330992265235383364520345523228149258210546984343393082272854747551573903482993975771711832871523694511512951045456344733732252573353436489220026652581368528247265459354167517247180
45714635543417433160741321937346411736118026647193342224503252136786828517137629256264717744044329114491110260271734235184663571813182975253231602435442753275035233081491223541727354117451521442216642105234442171503223512201351205192475611224612548640927116734434271164567432239
21821071271524785524005305133873661952412110916512624946136544217351151125682523342105815501022033651193052204321204142611634553512327458135914344137356399336382134772551232351104006435849452440856121629556851559356403317491382145347614542951948216512212791722275793282763962774506569
17737432217148111217454759342397479524713295218427252549249440955244413748834830810585382234140435488150494347250316229889361801305827910917636949395494347199574364106356356416954943084707518152132520300477296225542725185347126564524375252133432214579196552416593131522136112510292
3435154461816242615815625535311603155068354557215634930224123891265071002144242594722155071782414894451936623356929710758428022842327757645952840255517020619819057033454149820993336716737057153924243520279323447401912795454756456338578489274328754960137471544453477548397160325488
225491543402539405443205721373574303905233483025226036272553428265167541154263243361529126251486375322143253107457384571541222542475075202992021204164854056734711741054517577213406400364936825431518326924580534110553387332228525430277465463092141361303937581753520643058610921656285125
45921058125827924830937227032946823056237316455479881075612336150735723733143270393214395399133345225551024028824293339295535176417115480881682931758623414145716219654540584184219418154126160576449482046448038836718093413563332185215248436151529289241378493645593204635405273035888
481123372272584173113935082322834555186421437576309103712454161537441657945643540160525269184288142455382254126164239191174332913217037522136116423221771401243115303195792378739251533812735712018439387163534631544034327823326181109322521565243372421116107245581275254430524415558508567
3977667206523040330882494471426461933945857444935727143549447267123261602185152984673785282951264004232599358216122750915089282131559419131357481136325085392062643127147642658652005511925313568563110237343229424494247214483120142352245186195543167547206217136315142565102132214326373
4333541074395595234916132111953522184404325629126049157944513415942623610017434344234143410089232261201592782793041563611832739937422219158283131483182925260308115428192221513346319024438136610439186414541332792791962931444344615752925065304202545122841981839650190579338176130122
51552233549740933624842531738855942719010229515248335435411231154225371459055222436819839927424282362526235063081102325414065524883229040258227071450189461582541032934765364640753357238156215501436124276233184764693495288241343783932745681911204093512382455692943319834556630237935
3484784124423991152382204485338101214236662644166733043231538127581044414344165473623163418624726650454042761724743192522075638926850712357138213405288106262738638323415412260552311625513795801831135827546041337256452024324114157743832152040620630658628446350294457440535309347167470
26317333544718148857645771574255322517146307230385517305282441553432852073250332438351255452241232995843465452954375427972413083902583531303741102783703552453147954751219450932258248527933251721834514535531344633669334498681035686121351246678476206229102311100419292532136339575351149
